928
13683 25175
12671 27595
17488 13675
2558 264
20315 9367
10162 4686
2617 15178
21702 13203
16820 20206
14631 6139
29971 11391
8189 21898
7184 13094
23518 17054
10262 9969
1377 13212
10984 26296
7242 9210
3673 18558
29368 358
22540 16385
419 23237
22894 27896
4468 8885
3079 8156
11570 25938
818 24083
26176 21318
8525 17830
3378 5522
18808 27202
9226 22655
6547 14662
9614 2312
24321 11900
6683 23885
12495 26183
13061 16734
10207 27414
22892 21450
27062 19391
12910 5697
16886 3141
9107 2910
19954 24937
14775 5959
17203 14629
9546 7062
23200 976
22831 27249
17192 2324
13270 26662
2593 4509
7822 1143
7966 1641
19405 25986
6713 6389
13875 19026
4627 4810
13094 4751
18246 5445
13442 987
14717 3993
17579 18446
28423 27627
6815 9368
18875 5326
20263 6594
21604 2697
15863 25290
22625 11044
3150 26539
10496 14887
19452 10055
22385 15655
26204 29059
11734 10695
11474 25186
26929 6926
7512 1656
816 25218
21142 27937
15863 26214
11656 21801
21096 15203
3496 24607
25029 27358
22289 9600
22210 474
23731 20956
17136 4928
16974 1882
19985 20325
3068 29666
28066 17846
26961 27299
20601 23849
11715 18364
13313 12601
28520 9649
26317 25329
8571 16502
19849 21852
5423 24791
1898 5174
1991 13838
3292 1340
13770 8647
29487 9830
10241 3966
19744 17003
29279 2921
17416 3616
28996 18030
26377 19729
1656 28685
29475 17476
21109 16129
2420 3792
15347 25862
6452 29197
52 8363
11709 25400
27814 7565
3363 21759
1399 3625
1437 9020
6665 1989
15838 6957
9697 19294
2432 11571
18967 2225
16334 10471
26135 21168
7869 22809
15362 9478
6631 11875
4018 27126
2825 7962
29558 11779
7383 6449
6720 13852
553 8403
13284 4773
2022 18652
28754 16211
1999 5450
28562 6609
12165 6155
21660 16572
6834 11009
25432 18424
522 7454
8545 11078
23807 22438
14173 18801
14311 5451
15069 14530
19050 25175
3820 12772
13583 19531
25286 21391
18468 10260
21311 16034
12977 16814
9950 6196
18340 1734
383 17578
5078 2109
24797 22747
11526 15709
19582 13838
241 116
26583 270
2628 10120
9830 12518
11350 19198
3383 4139
16674 24706
13351 15471
4217 8541
10754 5759
2183 16678
3169 11950
12703 14424
29147 25598
3347 2033
7851 25311
15049 829
27685 16217
14381 23803
7289 15107
11579 10010
27180 3609
2703 18283
23656 25404
25378 9566
7748 17120
2902 10152
13501 13356
3303 3442
13014 14279
12209 12904
15289 8292
17779 17856
16035 26239
25677 27097
13301 9613
20925 23036
9327 20424
21188 16291
20044 928
11276 1484
28869 23250
18184 6348
18575 1619
25769 4592
21648 18521
5089 27149
12187 26676
2787 23131
4498 26184
15386 7064
22030 14923
7455 9523
12454 480
4040 21344
5070 3510
3792 8778
16690 17158
3568 9481
22630 3110
2690 14942
23923 12340
26380 7169
28935 13275
14216 21899
8419 16351
14804 6720
21151 21845
24163 8121
22656 5524
4248 11702
13106 15467
10968 2379
27867 10292
8377 17736
11218 26291
20326 21008
274 3311
22572 1913
19599 26554
1148 26151
26074 10681
5800 14963
12646 8531
23909 28594
3715 1190
3786 11649
20718 8915
15609 9297
1250 2149
3527 9135
29624 18732
22820 6466
22693 12869
7622 23285
2664 26832
20839 29796
681 3329
13027 5727
7171 28012
15848 20525
16599 5592
15361 271
9500 14273
27862 14116
27093 6626
28281 945
26509 9263
15667 5150
3663 10024
5374 26413
17626 3808
28636 20944
4791 6018
9567 2205
21780 4934
2707 16479
7336 26249
10619 12485
2742 19086
3979 11732
28504 28239
3293 21356
22122 26430
19785 27013
16124 4602
22631 23639
11896 27786
18451 12814
15688 10637
21970 11136
6264 26513
11107 2883
26788 10467
11164 9860
25773 12817
24376 9754
11433 23978
22532 15740
9487 20822
23179 8740
9669 2147
27292 4377
22042 1272
17930 23245
6400 19097
6448 600
24836 26588
18057 12196
24188 21269
22494 3101
28033 25917
7203 13593
10041 4201
2147 28014
18273 25180
14462 25248
19587 16943
17008 19626
14113 3333
5673 14827
15314 29089
7626 13015
10315 25080
18215 19512
27358 18075
9223 4900
4991 28634
26589 11151
24427 26271
6751 12138
22144 12663
21560 29108
24708 116
12355 6841
5466 9097
13808 24102
29955 15759
21598 4923
15383 24917
3256 27378
28206 16704
28363 25239
624 17346
29523 292
11298 9009
19300 18113
23788 6584
20015 26141
27535 24272
26591 29247
18638 19042
2303 20784
27557 25578
16642 20496
9012 27275
14369 13464
28287 23651
10748 8894
12030 6201
10219 24941
7102 4283
24249 8619
25973 610
9 29954
9286 21124
26438 20900
10817 5205
22155 23984
22478 6857
28400 2759
9470 29045
20461 25351
17075 25793
19448 16132
2109 13742
10957 22431
6517 11576
1029 22153
15072 12590
3622 3511
15459 20207
14719 2595
26655 9531
29877 14999
1511 1545
28600 27275
3478 14567
21404 7957
7268 8246
26184 2640
1198 16617
7230 20641
17027 15880
9984 17506
18045 21075
7705 225
28611 26615
5694 12998
7501 25415
1357 11248
3133 24843
10711 1084
3136 22309
14867 23128
9379 8232
7999 7278
133 4220
28509 1148
7239 23468
7052 1100
26881 21651
6459 15430
21492 1718
8881 1923
22683 1097
9277 28098
602 24832
13060 16959
8984 28749
26990 15178
8701 20378
20866 8093
18195 7405
27295 18089
7272 21679
19447 1238
5070 28824
25457 26180
11530 16657
14023 23053
8721 5493
21234 17513
12363 28108
24075 16581
21648 4893
1181 21257
5379 713
10361 15888
7296 16513
811 10436
13479 992
29757 12062
2890 28538
14626 19835
28852 14635
6115 3799
23033 26841
5987 1698
6839 25129
4985 18541
943 24275
25675 15110
20794 22460
15775 22419
27520 6103
11621 19822
14621 26766
1458 22746
19358 6393
29879 5671
12243 7967
15692 12222
1405 9349
20575 21205
25570 8371
27167 16190
27703 14251
13986 19999
21314 18333
2216 16336
22980 21066
16929 27645
15794 29723
25149 2424
20017 17287
7589 4421
24002 5090
13228 5090
11564 8089
20699 714
13145 15814
29001 9944
12846 20791
7845 29210
347 27568
2657 11626
2319 25195
21594 7029
21271 16764
15375 28967
26749 25775
26107 3758
2952 16457
10138 6911
524 20934
26548 29958
1439 9730
4664 4993
23016 21763
18780 27797
20258 25768
26877 14229
199 29254
1273 16431
3287 22235
2224 2832
29454 26402
26041 1069
5472 1810
9210 26616
22995 2246
20105 14959
24482 20963
1570 3090
20101 1764
28386 2539
7295 1819
24602 10857
24818 12316
18989 5441
23710 3501
207 19240
27989 18409
6400 8880
2418 19531
29606 25551
26424 1981
3454 16869
12637 22851
8200 19517
24210 26428
21287 7893
29807 13068
6284 25219
18381 1584
27371 6829
13217 18368
11017 17272
17486 12605
29506 3270
14025 17137
20896 27865
1584 24038
1701 16843
8506 10478
11597 5491
7617 25217
12168 23510
17214 11010
5167 25927
22507 19082
22448 16912
17502 10087
28389 15258
14700 21014
7865 27098
10171 12554
8135 23150
1103 23060
27150 2726
20920 13240
21867 28822
26231 23041
21133 21249
29793 2791
17361 26164
3310 21571
3260 1726
24428 5766
27148 9228
9088 18708
1040 19884
20651 1535
17057 15502
6953 22567
77 23515
8754 15275
6279 20086
17584 29246
14369 14874
21036 10853
25687 24584
12539 17530
10340 21070
2979 4958
19052 19851
24953 12413
21494 5789
2145 19064
10780 21723
17836 4752
10305 27589
7358 878
27461 362
5460 14159
9284 12493
6905 28998
11848 23860
20857 29926
27724 12943
19041 1459
9108 5710
430 17991
1331 5602
19122 15484
26927 23270
11590 10765
2744 17131
6618 2423
1145 28636
22107 11084
12641 11234
2553 10993
11121 4854
25118 26091
17579 3657
9906 8364
4659 27631
6152 15171
17824 12508
6252 10478
14882 861
6554 14415
28551 3257
465 1588
13090 25261
1953 10040
27902 14633
7772 22700
17369 26125
1890 162
14277 11271
6327 27239
1980 3176
13774 11486
13252 3287
19857 22121
22941 892
14033 4661
23188 3849
4377 12469
23468 27543
9569 15798
21715 25497
11532 22445
6187 15465
3224 12347
24984 16307
29199 2771
6036 25731
9523 22224
27157 8885
6368 23387
4012 29177
19738 29680
25944 18115
4165 20920
2553 23310
4702 3529
14005 22233
23892 21795
29986 13018
25416 120
8882 15111
682 15053
23284 23377
16153 7181
18902 12804
29652 21771
4691 27354
27590 29760
3173 11987
3699 24108
11664 134
10120 13108
21405 4310
14617 25486
17174 12418
14948 24691
29684 29289
24694 6240
28219 8141
8666 13960
28978 20378
20073 18487
8987 19957
29610 4631
10165 17264
8209 22882
4134 26129
8477 18937
24752 25734
20404 4691
26966 4080
25834 20960
27038 16582
29198 9917
10493 21372
2436 8311
4570 5973
16277 21286
25336 27671
8395 16337
25592 857
20482 13185
510 28489
10085 2174
26653 1959
7150 12140
11920 8154
7492 20188
2791 9741
14672 10687
28484 6995
22181 22213
11628 21761
23748 21839
3411 23946
26959 20813
21530 22359
9238 23835
3029 2227
11964 355
14275 11841
8906 11330
4177 19602
3315 1805
22207 21445
19080 10096
10214 18900
2200 17921
23790 21584
17656 17344
5181 17920
22720 27279
14870 12325
6258 18213
4378 16488
18528 14571
3587 19057
12580 27456
13497 13251
22754 16875
21410 23269
5575 9312
22294 24377
3270 22289
24446 26598
25955 13099
22643 26507
3418 7623
6176 2702
12904 7885
12242 12037
16810 14246
1785 28913
14125 28350
22658 23948
2053 23928
27547 8671
29150 10877
20410 14856
24625 1669
4428 14122
25023 17163
88 12164
6698 8107
11704 239
9893 16805
26519 5337
9221 20766
11352 8226
22070 1431
15697 22888
457 9923
25436 27810
5273 1926
20339 4742
12991 26700
24932 23374
24173 14312
20178 11909
3235 5767
21911 12235
23679 3588
21125 23888
6968 21969
11982 25698
11213 20971
8287 18939
8534 20303
2968 21144
28443 10834
3298 22352
9155 16024
5443 1786
29956 12333
18143 1483
20164 24905
29982 2186
19965 17387
767 16134
952 13060
28299 20142
686 6425
24947 22206
7667 882
414 23611
14782 3148
16862 29551
9703 25877
29631 24320
19441 12406
1724 11538
24073 490
17391 14011
9786 2224
21301 5788
24915 2994
1310 25929
455 9853
4975 10451
3597 3471
154 13057
26191 24381
6307 24722
21021 7616
11279 4294
5017 20057
16199 3740
14069 14318
2815 915
14578 7156
6453 1545
27292 2459
4068 2328
8839 15502
6421 20236
20446 3717
13032 29704
987 9640
10599 4212
4494 10842
4383 13341
8846 20330
9651 24466
11982 24751
26385 15731
10831 21900
24261 12477
21600 19167
19457 14507
382 25238
1993 28478
7761 374
2356 23223
21911 24977
12466 4020
10882 19781
4530 2177
19678 7520
14520 28580
11234 11461
7120 20178
27133 9225
843 10490
28256 4729
11606 3530
24191 27547
9590 15389
17025 27642
5998 13281
24670 23087
18491 26345
22766 25735
5064 16690
9995 21536
13986 3673
5503 25654
4367 9752
3404 14584
29481 13542
14376 18159
25443 26342
12415 10713
17847 1178
11205 15569
15827 29751
8481 11723
29277 13698
8826 23990
2692 11937
1868 25173
27010 4518
15978 22462
19456 6482
6010 18180
13062 9260
8615 27188
27732 5256
421 26630
2839 24795
7765 20250
3498 5757
13988 112
12133 8090
13519 17767
27473 6527
17107 17945
25302 1106
25992 23952
18541 29203
4962 16757
24147 2851
5844 8712
0 1
0 2
0 3
2 4
2 5
3 6
7 4
7 8
8 9
8 10
8 11
8 12
8 13
8 14
8 15
8 16
17 18
17 19
17 20
21 22
21 23
21 24
21 25
22 26
22 27
23 28
23 29
23 30
23 31
23 32
23 33
24 34
35 36
36 37
36 38
36 39
36 40
41 42
43 44
45 46
45 47
45 48
45 49
45 50
45 51
45 52
53 54
53 55
53 56
53 57
53 58
53 59
53 60
61 62
61 63
64 65
64 66
64 33
64 67
68 69
68 70
68 71
72 73
73 74
55 75
55 76
55 77
57 78
58 79
60 80
81 82
81 83
82 84
83 47
83 85
83 86
87 88
88 89
88 90
88 91
88 92
88 93
88 94
88 95
88 96
97 76
76 98
76 99
76 100
76 101
76 102
76 103
76 104
76 105
76 106
76 107
76 108
76 109
76 110
76 111
76 112
76 113
76 114
76 115
76 116
76 117
76 118
76 119
76 120
76 121
76 122
76 123
76 124
76 125
126 127
126 128
128 129
130 131
130 132
130 133
134 135
135 136
135 137
135 138
135 139
135 140
135 141
135 110
135 142
135 143
135 144
135 145
146 147
148 149
150 89
89 151
89 152
89 153
89 154
89 155
89 156
89 157
89 158
89 159
89 160
89 161
89 162
89 163
89 164
89 165
89 166
89 167
89 168
89 169
89 170
171 172
173 110
110 174
110 175
110 176
110 177
110 178
110 179
110 180
110 181
110 182
110 183
110 184
110 133
110 185
110 186
110 187
110 188
110 19
110 189
110 190
110 191
110 192
110 193
110 194
110 195
110 196
110 197
110 198
110 199
110 200
110 201
110 202
110 203
110 204
110 205
110 206
110 207
110 208
110 209
110 210
110 211
212 213
212 214
213 215
214 216
217 218
218 219
218 220
218 221
218 222
218 223
218 224
218 225
218 226
218 227
218 228
229 230
231 232
231 233
232 234
233 235
233 236
211 237
211 238
211 239
211 216
211 240
211 241
211 242
211 243
211 244
211 245
246 247
246 248
246 249
246 250
246 251
246 252
247 253
247 254
249 255
249 187
250 256
250 257
250 258
250 259
79 260
79 261
79 262
260 263
260 264
260 265
266 267
266 268
269 270
271 258
258 272
258 273
258 274
80 275
80 276
276 277
278 279
279 280
279 281
279 270
282 283
284 285
284 286
284 287
284 288
284 289
284 290
284 291
284 292
284 293
284 294
284 295
284 296
284 297
284 298
284 77
284 299
300 301
300 302
300 303
300 304
300 305
302 306
303 307
303 308
303 309
303 310
311 312
311 313
311 314
315 170
170 270
170 316
170 317
170 318
170 319
170 320
285 321
321 322
323 324
323 325
324 326
325 327
325 328
325 329
325 330
325 331
325 332
286 333
78 334
335 336
336 337
338 133
133 33
133 339
133 340
133 341
133 342
133 343
344 345
345 112
345 346
347 291
348 349
348 350
237 351
237 352
237 353
351 354
351 355
351 356
351 357
351 358
351 359
360 361
361 362
361 363
364 365
365 366
367 368
368 369
368 370
371 372
371 373
75 374
75 375
75 376
75 377
75 378
77 379
77 380
77 381
77 382
77 16
77 383
77 384
77 385
386 380
380 172
380 387
380 388
136 363
136 389
136 390
363 391
363 392
363 393
363 394
363 395
230 396
312 397
312 398
397 399
400 234
401 10
129 402
129 270
129 403
402 404
270 405
270 406
270 407
270 408
172 409
410 411
412 413
412 414
412 415
412 416
412 417
327 418
327 419
327 420
327 421
327 422
327 423
327 424
388 425
426 427
427 141
427 428
427 429
427 268
427 430
9 431
9 432
428 433
415 434
415 435
415 436
415 437
415 310
415 328
415 438
415 439
415 440
331 441
331 411
442 118
118 443
444 445
445 446
445 10
445 350
447 448
447 449
447 450
451 440
440 452
440 453
454 69
454 455
454 456
454 457
44 458
44 459
44 235
313 19
313 460
313 461
381 462
219 463
219 464
219 465
219 466
219 467
466 308
468 469
468 280
469 470
280 471
167 472
167 473
167 474
167 141
167 475
167 476
167 477
167 478
167 479
167 480
481 328
328 482
328 483
328 484
328 485
328 486
328 487
328 488
328 489
328 373
328 490
328 491
328 492
328 493
494 495
494 496
496 497
496 498
496 147
496 499
496 500
501 33
33 502
33 503
33 504
33 505
33 506
33 507
508 509
509 510
511 512
512 513
512 202
512 514
472 515
472 516
517 518
517 519
517 374
519 520
377 521
522 523
152 524
525 526
527 528
527 529
529 283
530 523
530 116
69 531
69 532
532 483
532 533
532 534
532 535
536 537
537 538
449 421
208 539
208 540
208 541
208 542
208 543
208 544
208 545
546 547
547 48
354 548
155 396
159 549
160 550
160 551
163 552
168 553
554 296
28 555
556 557
558 342
342 559
342 560
342 561
562 563
563 564
565 566
565 567
565 568
565 569
565 570
568 571
570 572
570 15
570 573
570 574
223 575
576 577
577 578
577 579
577 580
581 582
581 513
581 583
584 585
585 586
585 587
585 588
585 589
590 591
590 359
591 592
591 593
591 594
595 596
37 366
37 597
38 598
38 599
38 600
38 601
38 602
39 603
39 604
39 605
39 193
606 141
141 607
141 608
141 609
141 610
103 611
612 613
221 614
221 615
225 616
226 617
226 618
226 619
226 589
226 620
226 621
226 268
226 622
227 623
228 624
366 625
429 626
268 48
268 627
268 628
268 629
630 421
456 631
178 632
178 633
178 634
178 635
178 636
636 637
638 639
639 640
641 642
642 149
642 643
644 27
645 291
646 647
647 418
647 648
647 649
647 650
647 651
580 652
580 112
580 653
654 393
393 655
393 656
657 658
658 659
658 613
658 660
661 662
662 663
557 637
637 664
125 665
666 339
339 667
339 668
112 526
346 669
483 670
483 671
483 672
483 673
670 674
672 675
672 370
672 676
589 677
19 678
19 679
19 680
19 681
19 682
683 74
74 459
74 684
391 564
685 385
385 686
687 598
688 689
689 542
689 690
689 691
692 693
693 414
255 694
695 264
696 697
696 698
699 240
699 700
240 701
240 702
240 703
240 704
240 705
706 147
147 707
147 407
147 708
147 709
147 710
708 711
707 712
713 450
450 714
450 613
455 715
455 716
716 717
716 718
716 719
452 720
497 721
721 722
723 256
236 724
236 725
236 726
236 727
728 729
729 730
731 710
710 732
710 733
734 622
735 51
736 737
737 206
738 47
47 739
47 740
741 742
742 16
743 115
744 745
744 631
631 746
631 747
510 748
510 643
510 216
643 749
643 750
643 751
216 752
216 753
598 754
598 755
598 756
757 139
757 758
757 759
760 668
418 761
418 762
418 763
697 764
697 143
473 765
604 766
373 767
373 768
373 769
770 771
770 117
772 435
435 773
435 774
775 776
776 332
777 572
561 778
564 663
779 663
663 780
663 781
663 782
783 751
784 785
784 599
784 786
599 787
101 788
788 789
749 790
791 792
792 48
792 793
308 794
308 795
752 796
752 797
797 798
797 799
674 800
674 801
802 803
259 804
804 596
596 42
48 805
799 806
799 807
808 474
682 809
682 810
414 811
416 812
416 813
814 235
815 640
640 816
640 817
239 818
819 820
819 821
526 822
526 823
823 824
825 826
826 827
826 828
283 681
283 829
283 830
681 831
832 383
833 686
834 15
835 193
836 837
836 838
838 52
613 816
105 839
839 840
839 841
842 341
424 843
424 844
845 571
66 828
828 846
847 592
847 848
849 439
383 850
383 851
852 551
853 538
538 421
202 854
202 821
187 855
187 337
187 856
187 857
858 488
858 859
717 860
717 861
774 862
476 863
476 864
865 297
865 866
866 867
787 868
543 869
827 870
827 871
870 872
870 873
871 874
803 875
875 876
265 876
877 294
878 423
421 879
16 880
16 881
882 310
310 883
310 884
703 885
704 886
887 888
887 889
889 874
62 890
62 490
196 891
209 892
209 893
209 894
895 294
896 684
896 897
459 273
794 898
534 899
898 900
901 514
902 594
594 903
594 904
780 905
52 906
907 908
907 273
273 909
273 910
273 730
911 782
597 912
597 913
29 914
915 123
916 809
892 917
918 883
821 919
603 920
320 921
922 63
629 923
67 924
925 725
813 926
927 145
