1690
5669.541567515712 2263.981829427578
5633.070201439875 2289.837000812702
5636.0 2284.0
5631.077938418989 2291.2935800270984
5071.0 257.0
5088.0 199.0
5053.0 397.0
5095.0 122.0
5098.989608313349 191.19664268585132
5029.0 612.0
5059.0 384.0
5089.0 92.0
5101.0 98.0
5101.0 116.0
5014.0 767.0
5013.0 950.0
4970.0 853.0
5017.0 863.0
5007.0 884.0
5041.0 920.0
5028.0 887.0
5053.0 917.0
5040.0 900.0
4902.0 642.0
5009.840936011852 946.3320266696524
4991.020783373301 944.1983182183894
5117.0 1333.0
5004.050475866543 959.8050328466868
3820.0103916866506 3631.196642685851
3831.0 3639.0
3838.0 3686.0
3777.0 3497.0
3834.0 3724.0
2968.0 4351.0
2958.5552453014757 4358.734646812936
2945.0 4464.0
3059.0 4080.0
2964.0 4394.0
2975.0396577714996 4347.029610841713
2958.0 4431.0
2963.0 4363.0
2960.0 4383.0
2950.0 4373.0
2919.0 4530.0
2923.0 4558.0
3037.1578258855557 4079.257139103648
3028.0 4125.0
3047.0 4154.0
3057.049191648271 4086.5149634041145
3030.117881052868 4064.169414269417
3061.7976327999604 4086.0853823498064
3020.0 4104.0
3015.0 4119.0
3039.0 4140.0
3060.0 4143.0
3027.0 4142.0
3122.0 3820.0
3063.0867059929164 4087.579486211863
2944.0 4508.0
2930.0 4484.0
3665.0 1462.0
3666.0 1488.0
3657.0 1451.0
3604.0 1255.0
3663.0 1167.0
3686.0 1998.0
3673.417629422823 1498.1320764104787
3682.484412470024 1499.705035971223
3644.0 1456.0
1286.0 3029.0
1312.0 3026.0
1284.0 3042.0
1444.0 3003.0
1301.0103916866508 3018.196642685851
1762.0103916866508 1523.8033573141486
1773.0 1516.0
1816.0 1563.0
698.8719102674027 2479.300345702559
727.0 2496.0
738.7650682288938 2483.629198524748
664.0 2491.0
740.8246282277735 2464.7865707434053
713.4407492510738 2483.7242871750077
430.0 2394.0
727.2807616805195 2476.3665129567407
1087.0 2643.0
659.0 2465.0
680.0 2472.0
632.0 2452.0
562.0 2448.0
671.0 2458.0
741.7765257062472 2484.7888162108425
697.8180924528499 2486.153686227375
5679.0 2302.0
5649.0 2288.0
5637.949087042105 2285.221532201804
5638.115622960259 2278.4550272938513
5146.0 2329.0
5662.0 2301.0
5671.0 2290.0
5671.0 2313.0
5795.0 2321.0
5854.0 2220.0
5662.0 2280.0
5860.0 2287.0
5637.770215130013 2285.7984657781662
3287.9896083133494 3352.196642685851
3277.0 3360.0
3379.0 3417.0
3183.0 3334.0
2826.758597539417 3822.393285371703
2839.0 3838.0
2817.0207833733016 3829.2044303560983
2796.0 3879.0
2520.0 3846.0
2827.4269723922685 3824.723728633951
2775.0 3875.0
2742.0 3910.0
2778.0 3892.0
4315.0 4089.0
4281.0 4070.0
4246.0 4050.0
4315.0 4077.0
4296.0 4102.0
1718.0 1629.0
1760.0 1667.0
1780.0 1698.0
5451.0 2299.0
4641.0 2767.0
5220.0 1808.0
5952.0 2340.0
6109.0 2140.0
5672.989608313349 2272.196642685851
6055.0 2278.0
5929.0 2291.0
5935.0 2281.0
5870.989608313349 2294.803357314149
116.0 2239.0
60.0 2189.0
243.0 2294.0
0.0 2160.0
184.0 2266.0
176.0 2284.0
167.0 2280.0
232.01039168665068 2301.803357314149
180.0 2276.0
3037.0 2081.0
3039.0 2144.0
3029.0 2061.0
3043.0 2388.0
3071.0 2071.0
3020.0 2086.0
3025.0 1997.0
3055.484412470024 2132.407177095479
3005.0 2101.0
3037.0 2071.0
3043.4925605115513 2144.1122130667018
3061.0 2073.0
3006.0 2117.0
3017.0 2076.0
3002.0 2089.0
3055.0 2080.0
3050.0 2063.0
4713.0 2806.0
4793.0 2818.0
4711.2687378503915 2804.4697375977285
4779.0 2815.0
4727.753150320415 2816.1747735689514
4655.0 2776.0
4652.0 2740.0
4634.0 2765.0
4613.0 2730.0
4724.0 2765.0
4667.0 2783.0
4798.0 2788.0
4653.0 2778.0
4636.0 2750.0
4728.0 2712.0
4623.0 2723.0
4772.0 2837.0
4631.0 2725.0
4674.419526121942 2750.951308102681
4641.0 2765.0
4653.660260936082 2763.6893374584774
4656.0 2810.0
4681.0 2780.0
4717.0 2741.0
3754.0 2981.0
4711.0 2819.0
5018.0 2846.0
4661.0 2755.0
4634.0 2758.0
4637.0 2808.0
4676.0 2827.0
4679.463629096723 2765.635870911672
4655.444760811298 2756.3387915513085
4824.0 2873.0
4781.0 2789.0
4714.0 2759.0
4661.0 2798.0
4628.0 2795.0
4603.0 2745.0
4593.0 2800.0
4677.0 2799.0
4668.167526121293 2763.951856955162
4663.0 2835.0
4658.012127969775 2778.2630587022018
4611.0 2811.0
4675.0 2763.0
4757.0 2729.0
2982.0 3760.0
2907.0 3834.0
3048.0 3690.0
2891.0 3852.0
3163.0 3566.0
3432.2333395113938 3594.705035971223
3442.0 3583.0
3436.0 3628.0
3448.0 3631.0
3448.7177519814177 3588.3469881444566
3477.0 3469.0
3121.0 2564.0
3148.0 2557.0
2946.0 2067.0
3163.0 2575.0
3132.428422990126 2561.1794587175445
3130.0 2554.0
3146.0 2538.0
3180.0 2533.0
3086.0 2516.0
3133.0 2577.0
2618.0 2578.0
3202.0 2550.0
3131.2952479361466 2560.40973748446
3124.2224838311167 2541.671065432173
3178.0 2523.0
3232.0 2439.0
3151.69650461449 2554.995322711182
3153.0 2541.0
3160.0 2533.0
3134.0 2541.0
3783.0 4435.0
3737.0 4392.0
3770.0 4439.0
3682.0 4272.0
2267.0103916866506 2097.196642685851
2278.0 2105.0
2326.0 2150.0
3020.0 2383.0
3037.0 2372.0
3088.0 2288.0
3058.0 2397.0
3059.3365904042544 2386.387932361356
3026.0 2370.0
3067.0 2357.0
3073.0 2208.0
3081.0 2394.0
3054.0 2359.0
3029.0 2406.0
3044.0 2380.0
3035.0 2351.0
3084.0 2334.0
3081.0 2268.0
3061.0 2376.0
3021.0 2358.0
3099.0 2306.0
3044.3021445128716 2393.953449441219
3077.0 2370.0
3028.0 2390.0
3075.9270580405787 2380.447243349994
3055.5726556991235 2378.460869768868
3045.0 2344.0
3031.9686247871814 2373.226257876279
2772.0 2376.0
3038.0 2323.0
3054.0 2325.0
3160.0 2908.0
3040.9624304729405 2362.7400201846244
3033.1708563248512 2377.174902004356
5320.5949097045 1478.1804186720267
5327.0 1478.0
5310.515587529976 1466.4753827008037
5314.0 1539.0
3730.0 2990.0
3790.0 2991.0
3749.0 2980.0
3716.0 3026.0
3760.474859391166 2977.0118927087437
3771.0 2957.0
3730.0 2919.0
3748.0 3029.0
3653.0 3250.0
3716.0 3024.0
3720.0 2964.0
3707.0 2957.0
3688.0 2994.0
3714.0 2927.0
3704.0 2952.0
3701.0 2980.0
3761.0 2956.0
3756.0 2986.0
3783.134369243505 2967.6295507316554
3762.0 2965.0
3369.0 2996.0
3682.0 3005.0
3775.0 3011.0
3786.968824940048 2958.4493792310277
3785.7273106200596 2957.589928057554
3725.0 2918.0
3766.0 2995.0
3761.0 2945.0
3742.0 2916.0
3696.0 3010.0
3713.0 2478.0
3793.0 3006.0
3740.0 3032.0
3758.0 2925.0
3777.0 2986.0
3691.0 2968.0
3774.0 2967.0
3729.0 3022.0
3783.0 3012.0
3758.0 2951.0
3767.0 3020.0
3700.0 3023.0
3450.0 3151.0
3787.0 2967.0
3726.0 2951.0
3774.0 2980.0
3814.0 2994.0
3735.0 2955.0
3992.0 3185.0
3813.0 3087.0
3774.0 3001.0
3327.0 2817.0
3738.0 2939.0
3760.6222423788504 2970.30581641108
2750.0 2472.0
2652.0 2436.0
2827.0 2509.0
2624.0 2427.0
2973.0 2586.0
2813.0 2505.0
1378.0 3557.0
1430.0 3548.0
1421.0 3614.0
1365.0 3639.0
1632.0 3855.0
1399.0 3613.0
1354.0 3569.0
1378.0 3648.0
1342.0 3638.0
1423.7295750273236 3538.824174216394
1384.0 3565.0
1434.0 3602.0
1393.0 3592.0
1378.0 3575.0
1395.0 3550.0
1355.0 3206.0
1355.0 3594.0
1376.0 3550.0
1361.0 3609.0
1380.0 3588.0
3124.0 1710.0
3119.0 1783.0
3113.0 1896.0
4649.237608137074 2760.393285371703
4648.544236218988 2773.2572461236073
4633.020783373301 2767.2870275564596
1571.0 801.0
1528.0 684.0
1657.0 983.0
1560.0103916866508 808.8033573141487
1479.0 581.0
1494.0 629.0
1737.0 1250.0
1589.0 774.0
3363.9863577140704 2830.324290209334
3595.0 3050.0
3383.0 2826.0
3332.0 2853.0
3318.0 2809.0
3335.7981405185897 2820.03733588414
3356.0 2809.0
3271.0 2776.0
3362.4637668913147 2823.4881246415775
3365.6520250938033 2804.421159150284
3099.0 2845.0
3307.0 2823.0
3368.013856019425 2814.2847871007284
3330.0 2831.0
3330.0 2786.0
3363.0 2814.0
3358.0 2799.0
3376.453237410072 2836.7013379595774
3364.4113164430023 2801.5862300459085
3346.0 2795.0
3351.1436351221296 2820.069424763858
3314.0 2795.0
2621.0 2888.0
2533.0 2942.0
2601.0 2894.0
3022.0 2949.0
2274.0 2759.0
2599.0 2910.0
2562.0 2933.0
2631.9896083133494 2895.803357314149
2460.0 2977.0
2543.9896083133494 2949.803357314149
2466.0 2966.0
2590.0103916866506 2901.803357314149
2922.0 3003.0
3011.0103916866506 2941.196642685851
2144.0 2826.0
2178.0 2796.0
2209.0 2762.0
2093.0 2468.0
2212.0 2784.0
1993.0 2844.0
2496.0 2970.0
2551.0103916866506 2940.803357314149
6275.0 2077.0
6143.0 2136.0
6116.0 2143.0
6124.0 2133.0
6330.0 2072.0
6366.0 2054.0
6475.0 2010.0
6214.0 2128.0
6105.010391686651 2135.196642685851
1474.515587529976 2828.634882342955
1491.0 2823.0
1480.1571238422107 2834.705035971223
1478.0 2821.0
1547.0 2816.0
3255.9896083133494 3462.196642685851
3245.0 3470.0
3275.0 3422.0
2085.0 2451.0
2096.0 2448.0
2075.0 2462.0
2072.0 2476.0
1977.0 2155.0
2086.0 2464.0
6117.0 2306.0
6115.0 2295.0
6166.0 2300.0
6104.010391686651 2287.196642685851
6249.0 2300.0
3114.0 3456.0
3130.0 3459.0
3123.0 3474.0
3008.0 3486.0
3121.0326953286954 3465.08024349751
3090.0 3458.0
3110.0 3467.0
3137.5171077987193 3470.705035971223
3131.0 3478.0
3103.0 3451.0
3784.0 4262.0
3780.0 4196.0
3772.0 4273.0
3775.0 4057.0
3780.976071669009 4184.294964028777
3764.491659198985 4191.6299821572575
5396.0 1581.0
5369.0 1657.0
5406.721879741406 1630.5593643061004
5437.0 1652.0
5448.0 1633.0
5414.0 1602.0
5401.0 1592.0
5414.0 1660.0
5426.0 1608.0
5432.0 1641.0
5420.0 1561.0
5426.0 1623.0
5419.0 1673.0
5369.674463236691 1643.150730464436
5390.523547707712 1633.1424386208369
5382.447611422295 1636.3241942220618
5509.0 1578.0
5440.0 1668.0
5447.0 1606.0
5477.0 1570.0
5430.0 1584.0
5369.0 1602.0
5383.9551408895795 1632.0953069324844
5391.0 1608.0
5368.258250644684 1657.8711149056207
2365.0 4462.0
2337.0 4517.0
2337.0 4555.0
2490.0 4300.0
2322.0 4552.0
2350.0 4520.0
2367.0014016081254 4472.297659092088
2381.484412470024 4460.592623120865
2326.0103916866506 4509.196642685852
2300.0 4609.0
2442.0 4348.0
2500.546186175175 4302.130373874532
2486.8519621301543 4304.13992793442
2426.0 4343.0
2166.0 4227.0
2440.0 4338.0
2835.0 4182.0
2277.0 4604.0
2360.9896083133494 4512.196642685852
3743.9896083133494 4029.196642685851
3733.0 4037.0
3711.0 4238.0
3777.0 3805.0
3745.0 4100.0
3160.0 2893.0
3129.289975625567 2913.200629103893
3163.9909503041663 2910.99937272576
3119.0 2853.0
3126.0 2909.0
3171.0 2880.0
3148.0 2847.0
3136.556790707245 2881.987199847298
3131.0 2848.0
3139.0 2913.0
3163.3435080030063 2909.5318684736712
3143.0 2910.0
3120.5929894905794 2892.636260308178
3164.5514227439767 2910.156201423025
3107.0 2908.0
5474.0 1645.0
5541.0 1626.0
3118.958404820713 3837.1203752186834
3140.9376214474114 3832.393285371703
3129.0 3848.0
4019.0 2905.0
4077.0 2819.0
3991.0 2993.0
4029.9896083133494 2912.803357314149
4087.0 2779.0
4245.0 2543.0
3660.0 3531.0
4003.0 2966.0
4014.0 2972.0
4025.0 2928.0
4015.0 2883.0
4039.0 2910.0
5470.0 1625.0
5458.989608313349 1640.8033573141486
6023.0 2367.0
3382.0 3173.0
3376.0 3134.0
3359.0 3212.0
3393.0 3062.0
3471.0 3500.0
3449.0 3521.0
3433.0 3510.0
3445.0 3498.0
3465.0 3651.0
3433.0 3521.0
3479.0 3564.0
3470.3483698400564 3462.7544085467025
3472.890235973529 3471.4893744952838
3519.0 3667.0
3455.0207833733016 3455.8826598669866
3455.0 3511.0
5220.0 2934.0
5154.0 2914.0
5209.010391686651 2941.803357314149
5255.0 2953.0
5439.989608313349 1526.1966426858514
5429.0 1534.0
4778.0 2860.0
5044.0 693.0
5039.0 712.0
5058.0 702.0
5049.989608313349 704.1966426858513
5030.0 770.0
3852.0 3261.0
3611.484412470024 3058.4539719162517
3611.2202975740956 3046.7489359450283
3536.0 3028.0
3553.0 3013.0
3889.0 3325.0
3945.0 3276.0
3871.0 3314.0
3908.0 3292.0
3895.0 3302.0
3906.0 3275.0
3905.0 3312.0
3841.0103916866506 3253.196642685851
3914.0 3273.0
3866.0 3325.0
4131.0 3483.0
2697.0 1404.0
2722.0 1481.0
2711.0 1399.0
2748.0 1588.0
2743.9792166266984 1465.3932853717026
2743.7408597544463 1471.2316385763324
2731.191273537333 1469.1713814468787
3498.0 926.0
3520.0 1002.0
3560.0 1081.0
4520.0 3649.0
4453.0 3633.0
4531.0 3644.0
4357.0 3643.0
3487.0 3618.0
3536.0 3582.0
3515.0 3626.0
3577.0 3564.0
5618.0 2227.0
5468.0 2281.0
5467.0 2295.0
5440.010391686651 2306.803357314149
5556.0 2323.0
5454.0 2290.0
5209.0 1791.0
5296.0 1592.0
5256.0 1764.0
5237.0 1771.0
5224.0 1747.0
5319.0 1787.0
5236.0 1782.0
5230.989608313349 1800.1966426858514
5234.0 1691.0
5295.0 1572.0
5285.010391686651 1584.1966426858514
5303.0 1581.0
5354.0 1482.0
2956.9896083133494 2059.196642685851
2916.0 1996.0
2906.0 2011.0
2908.0 1960.0
2889.0 1964.0
2752.0 1562.0
2730.0 1558.0
2762.1831336466335 1590.4101218253622
2740.55828442812 1574.8034071970649
2762.537501054818 1575.4285934868424
2618.0 1271.0
2742.0 1578.0
2692.0 1473.0
2744.0 1553.0
2726.0 1574.0
2896.0 1922.0
2871.0 1930.0
3108.6295164719963 1907.705035971223
3096.515587529976 1900.7537846939365
3083.0 2030.0
3136.9896083133494 2901.196642685851
3685.0 4387.0
3692.0 4310.0
3674.0 4472.0
3680.0 4459.0
1475.0 549.0
5029.245397182784 815.705035971223
5017.0 804.0
5033.484412470024 810.0300576108895
3047.0 3660.0
3113.0 3625.0
3015.0 3681.0
3026.0 3688.0
3291.0 3427.0
3244.0 3447.0
3271.0 3493.0
3465.0 3870.0
3236.0 3463.0
3287.5358100337335 3437.606714628297
3265.556593407035 3425.1000064886853
3287.0 3479.0
3260.0 3481.0
3246.0 3441.0
3277.3104163637927 3427.662156961984
3051.0 2255.0
5340.0 1467.0
4073.9896083133494 2743.196642685851
4063.0 2751.0
4058.0 2798.0
3181.0 4397.0
3187.0 4370.0
3192.0 4404.0
3165.0 4542.0
3262.0 4008.0
3148.0 4506.0
3164.0 4491.0
4258.852485570187 2538.7428318408865
4284.0 2490.0
4305.0 2312.0
4266.0 2492.0
4301.0 2505.0
4514.0 2259.0
4277.0 2512.0
4258.0 2506.0
4285.0 2425.0
4292.0 2496.0
4305.0 2437.0
4242.368073100163 2550.4478678121095
5405.0 1424.0
5374.0 1412.0
5386.0 1399.0
5395.0 1412.0
1986.0 2687.0
1920.0 2690.0
2027.0 2691.0
2011.0 2682.0
1994.0 2666.0
1920.0 2666.0
2013.0 2695.0
2037.9896083133492 2683.196642685851
2018.0 2670.0
4962.0 842.0
4975.0 839.0
4959.0 831.0
4948.010391686651 838.8033573141487
2004.9896083133492 2658.196642685851
1936.0 2635.0
1925.0 2649.0
3283.6235397118126 3997.271117170073
3233.0 4067.0
3283.9792166266984 4005.221169889741
3239.0 4077.0
3157.0 4217.0
3261.0 4060.0
3236.0 4074.0
3253.0 4061.0
3274.091398392871 3992.393285371703
3215.0 4062.0
3287.0 4085.0
3225.0 4198.0
1344.0 3664.0
4004.0103916866506 2890.803357314149
4053.0 2833.0
4789.0 2743.0
4771.0 2747.0
3152.974767866516 2900.704315483586
674.9896083133493 2483.196642685851
5045.0 781.0
5030.0 793.0
5061.0 783.0
5040.989608313349 800.8033573141487
5118.0 1949.0
5042.0 2024.0
5122.0 1923.0
5098.0 1991.0
4800.0 2116.0
5031.010391686651 2031.8033573141486
5317.0 1984.0
5091.0 1982.0
3229.0 4228.0
3217.0 4215.0
3214.0 4267.0
3214.0 4228.0
4402.0 4275.0
4345.0 4242.0
4486.0 4376.0
4355.989608313349 4234.196642685852
4449.0 4429.0
4381.0 4285.0
1784.0 1498.0
1805.0103916866508 1570.8033573141486
1795.0 1508.0
1869.0 1855.0
3777.202497521489 3794.0638669561527
3798.9792166266984 3809.6705815844502
3766.0 3864.0
3777.0 3856.0
3786.0 3863.0
3773.0 3901.0
3781.860909403401 3808.2680326736568
5266.989608313349 1756.1966426858514
5271.0 1751.0
1617.0 3878.0
1645.6259120853347 3880.9218433564
1649.4601454214633 3881.470718832453
1622.0 3898.0
1595.0 3926.0
1610.0 3870.0
1599.0 3876.0
1628.0 3881.0
1636.0 3890.0
1662.0341121906147 3882.130435181339
1654.878737213394 3877.1372670156975
1917.0 4050.0
1675.9584332533973 3885.909682633925
1646.7637304885532 3882.8402430785254
1636.1712852027422 3886.2134292565947
1609.0 3892.0
1627.9896083133492 3885.803357314149
1549.0 3989.0
1861.0 4097.0
3719.0103916866506 2911.196642685851
2871.0 3523.0
2824.0 3531.0
2766.0 3550.0
3018.9896083133494 3478.196642685851
2948.0 3493.0
2939.0 3505.0
2952.0 3519.0
2782.0 2353.0
2686.0 2280.0
2771.0 2322.0
2740.0 2321.0
2762.0 2347.0
2750.0 2354.0
2760.0 2378.0
2727.0 2269.0
2776.0 2341.0
2754.0 2371.0
2766.0 2365.0
2772.0 2374.0
3689.0 3556.0
3699.9896083133494 3563.803357314149
3667.0 3544.0
3681.9124679807705 3546.606714628297
3977.0 3652.0
3708.0 3491.0
3663.0 3545.0
3678.0 3497.0
3696.0 3535.0
3680.9179131564415 3545.1311748495323
3711.0 3559.0
3656.0 3523.0
3683.0 3569.0
3705.0 3576.0
3663.0 3559.0
3523.0 3462.0
3713.0 3506.0
3649.0 3498.0
3710.0 3529.0
3712.0 3549.0
3878.0 4604.0
3915.0 4679.0
3809.0 4505.0
3825.484412470024 4505.755888261018
3894.0 4629.0
3856.0 4547.0
3855.0 4558.0
3844.0 4561.0
3819.250051036392 4516.705035971223
3677.9896083133494 3551.803357314149
1413.515587529976 3550.529210187617
3114.0 3885.0
3090.0 3948.0
3103.0103916866506 3892.803357314149
3143.0 3833.0
3099.0 3856.0
3122.0 3825.0
3094.0 3832.0
3123.0 3863.0
3109.0 3836.0
3145.0 3849.0
3154.6083014755623 3815.462657258472
3118.0 3846.0
3105.0 3821.0
3143.775371163844 3816.271339531461
3094.0 3845.0
3145.3146710070923 3799.3146090101554
3110.0 3858.0
3121.639476535514 3796.589928057554
3141.1102045287707 3815.071114727705
2577.0 2306.0
2639.0 2352.0
2709.0 2394.0
3244.0 3316.0
3296.0 3291.0
3163.0 3405.0
3216.0 3345.0
2669.515587529976 2291.705035971223
2634.0 2213.0
2639.0 2232.0
2672.2238830407327 2289.5390998951943
2622.0 2229.0
5791.0 2158.0
5860.0 2142.0
5926.0 2104.0
6026.0 2050.0
5606.789360522161 2238.705035971223
5623.273772992185 2238.206336942791
5614.0 2333.0
5600.0 2334.0
5545.800849826836 2311.294964028777
5601.0 2354.0
5614.0 2349.0
5222.0 3097.0
5195.0 3079.0
5205.989608313349 3086.803357314149
5097.0 3018.0
3110.0 2183.0
3147.0 2125.0
5401.0 2893.0
5336.0 2886.0
5226.0 2892.0
3762.0 4339.0
3749.0 4424.0
3771.0 4214.0
3781.9896083133494 4221.803357314148
5539.515587529976 2317.1608395709254
5038.0 2976.0
5004.0 2969.0
4259.0 4099.0
4097.0 3854.0
4258.0 4076.0
4281.0 4130.0
4136.0 3881.0
4147.0 3861.0
4140.0 3881.0
4635.0 1795.0
4607.0 1896.0
4647.0 1727.0
4630.0 1830.0
4596.010391686651 1903.8033573141486
4574.0 2048.0
4826.0 2067.0
4813.0 2065.0
3681.9792166266984 3532.0909636724664
3975.260404289529 3179.3624270798023
4064.0 3201.0
4061.0 3189.0
4062.0 3212.0
3977.6406983242478 3188.9750067230443
4049.0 3203.0
4155.0 3310.0
4107.0 3253.0
4041.0 3209.0
3997.239620916228 3173.3682920947467
4095.0 3265.0
3666.515587529976 3566.4751459830422
3679.631737100171 3557.294964028777
873.0 2593.0
858.0 2587.0
883.9896083133493 2600.803357314149
982.0 2617.0
852.9911022294515 2582.777297149622
869.4755146994755 2575.294964028777
992.9896083133493 2624.803357314149
3956.0 3290.0
3983.0 3272.0
4047.0 3282.0
3097.0 2277.0
3084.0 2205.0
3092.0 2162.0
3110.0 2243.0
3122.0 2248.0
3019.0 2254.0
3027.0103916866506 2330.803357314149
5060.399457592314 771.294964028777
5076.883870062338 778.8423214422306
5470.0 1588.0
5528.0 1542.0
5430.515587529976 1596.1340693279164
5439.994727494455 1594.294964028777
3015.0 4144.0
3454.0 3904.0
3459.0 3881.0
3497.0 3769.0
3020.0 1950.0
3025.0 1966.0
3538.0 3723.0
3549.0 3714.0
3556.0 3750.0
3570.0 3776.0
3508.0103916866506 3674.803357314149
2435.0 827.0
2459.0 885.0
2500.0 985.0
3778.0 2859.0
3731.0103916866506 2923.803357314149
4697.0 218.0
4690.0 183.0
4680.515587529976 221.994762940449
4668.0 180.0
4688.538156941072 210.28972696922597
4679.0 190.0
4681.0 175.0
4629.0 132.0
4665.0 194.0
4783.0 417.0
4607.020783373301 121.83741729970438
4619.387635614967 137.44413192800175
4592.0 39.0
4761.0 322.0
4769.0 355.0
4786.0 353.0
5375.010391686651 1391.1966426858514
1305.0 3662.0
1331.0103916866508 3630.196642685851
1324.0 3650.0
5656.0 3044.0
5505.0 3002.0
5666.989608313349 3036.196642685851
5771.0 3070.0
5567.0 3036.0
5559.0 3025.0
5573.0 3022.0
5509.06652992213 3007.802662007184
5521.484412470024 3013.705035971223
5284.0 2945.0
5836.0 3085.0
3091.0103916866506 3469.196642685851
3102.0 3477.0
3044.0 3517.0
3044.0 3533.0
5434.0 1588.0
5419.465990152852 1593.7500845434074
5420.9761418609 1592.3932853717026
5441.445206779551 1604.326069775319
879.0 3232.0
940.0 3224.0
876.0 3205.0
875.0 3226.0
967.4740207833732 3211.444318127414
874.0 3212.0
941.0481492129717 3230.952711412786
955.8077753410654 3230.3365701227967
1108.0 3209.0
963.0682194021734 3228.903371904779
4395.0 3688.0
4666.0 3882.0
4694.0 3916.0
4684.0 3926.0
4685.0 3900.0
4658.156977251573 3875.0473897686784
4650.960539940191 3894.55578305405
4770.0 3973.0
4675.0 3916.0
4638.525979216627 3892.979358696997
4699.0 3904.0
4664.367908964804 3878.199103548042
4752.0 3969.0
4137.935968338835 3471.743285812738
4147.484412470024 3471.294964028777
1535.0103916866508 2986.803357314149
1546.0 2979.0
1568.0 2962.0
3586.0 1119.0
3602.0 1188.0
3595.0 1192.0
3649.0 963.0
3681.0 954.0
3685.0 1048.0
3667.0 1091.0
3652.0103916866506 1174.8033573141486
3675.0 1100.0
3704.9984862503698 1986.406122964876
3682.0 1944.0
3714.0 1954.0
3691.0 1916.0
3702.0 1941.0
3706.2740657867407 1995.9769073629984
3684.294849160042 1982.3932853717026
3654.9896083133494 1448.1966426858514
2558.0 2591.0
2622.197593166754 2589.705035971223
2546.0 2582.0
2560.0 2537.0
2557.0 2549.0
2548.0 2565.0
2560.0 2559.0
2568.0 2612.0
2564.0 2572.0
2570.0 2602.0
3845.0 2948.0
4738.989608313349 2719.803357314149
4780.0 2675.0
4798.0 2664.0
5653.0 1939.0
5637.0 1942.0
5579.0 1952.0
1276.0 3563.0
1277.0 3580.0
1365.0 3669.0
1305.0 3581.0
1275.0 3188.0
1290.0 3208.0
1346.7712039032594 3194.294964028777
1279.0 3201.0
1298.0 3180.0
1287.0 3193.0
1283.0 3178.0
1299.0 3200.0
1306.0 3213.0
1363.2556163732834 3195.4309813847362
1290.0 3626.0
1285.0 3610.0
1346.0 3620.0
3570.9896083133494 1088.8033573141486
3530.0 1044.0
5047.010391686651 709.8033573141487
1843.0 2644.0
1846.0 2662.0
1496.0 2788.0
1547.108162706428 2827.705035971223
1563.484412470024 2827.4599221517137
1475.0 2812.0
1487.0 2797.0
1506.0 2843.0
4554.989608313349 2194.196642685851
4544.0 2202.0
4463.0 4452.0
4555.0 4602.0
3649.280353715492 3263.771683656803
3702.0 3269.0
3653.0 3267.0
3684.0 3254.0
3690.0 3286.0
3639.7528386709623 3249.6150910645156
3595.0 3469.0
3631.0207833733016 3248.1649690285053
3674.0 3290.0
3530.0 3674.0
6282.0 1887.0
6231.0 1879.0
6326.0 1897.0
6075.0 1890.0
2357.0 2167.0
2405.0 2178.0
2529.0 2272.0
2913.0 4578.0
5436.0 1541.0
5425.20362576165 1552.705035971223
5441.688038231674 1544.9489778308898
4347.0 2091.0
4330.0 2141.0
4359.0 2073.0
4336.228124655728 2152.589065088906
4348.0 2066.0
4363.0 2090.0
4346.484412470024 2152.705035971223
4339.0 2073.0
5583.989608313349 3029.803357314149
5340.0 2966.0
5352.0 2966.0
5351.0 2951.0
2667.0 1399.0
2656.0103916866506 1406.8033573141486
2651.0 1397.0
2702.9896083133494 1480.8033573141486
2648.0 1415.0
5699.0 1905.0
5676.0 1921.0
5694.0 1922.0
5715.0 1907.0
2342.0 573.0
2366.0 643.0
2405.0 752.0
3513.0 3745.0
3540.9896083133494 3666.196642685851
4767.989608313349 2721.196642685851
4835.0 2692.0
4845.0 2706.0
3485.0 3694.0
3470.0 3696.0
3471.0 3704.0
3485.0 3747.0
5320.0 2976.0
5244.010391686651 2960.803357314149
4119.0 3691.0
3981.0 3670.0
4171.0 3638.0
3987.0 3681.0
4284.0 3760.0
4270.0 3650.0
4230.0 3658.0
4181.989608313349 3630.196642685851
3976.0103916866506 3688.803357314149
3084.0103916866506 2833.803357314149
3095.0 2826.0
1003.0 3213.0
1118.9896083133492 3201.196642685851
3776.659621746062 3497.7107794798317
3828.0 3550.0
3816.0 3538.0
3755.6891302573363 3498.599253829622
3812.0 3549.0
3832.0 3539.0
3794.0 3801.0
3755.0207833733016 3512.606714628297
3851.0 3673.0
1768.0 1690.0
1769.0103916866508 1690.1966426858514
1707.0 1606.0
2740.9896083133494 1550.1966426858514
2621.345956523009 1259.294964028777
2634.484412470024 1262.2446073885721
2754.9896083133494 1560.8033573141486
5232.0 1682.0
5243.0 1623.0
2605.71318069673 2580.050005084838
4623.989608313349 2737.803357314149
4097.989608313349 2786.803357314149
3618.0 817.0
3630.0 895.0
4331.0 3444.0
4262.0 3422.0
4324.0 3458.0
4316.0 3447.0
4310.0 3462.0
4272.989608313349 3429.803357314149
3135.0 4714.0
3142.0 4675.0
2898.0 3024.0
5027.989608313349 855.1966426858513
6402.60434183409 2060.0902563755035
6394.0 2049.0
6386.119929364066 2060.705035971223
3343.0103916866506 2229.803357314149
3354.0 2222.0
3312.0 2290.0
3373.0 2159.0
3392.0 2164.0
3125.5593559141116 3842.748974235494
3486.0 3831.0
3487.0 3849.0
3025.9896083133494 3673.196642685851
2989.0 2861.0
2874.0 2864.0
3076.0 2842.0
3069.0 2871.0
3050.0 2851.0
3091.0 2840.0
3037.0 2840.0
3088.0103916866506 2852.803357314149
3078.0 2858.0
2843.0 2866.0
3690.0 4350.0
3713.0 4383.0
3729.0 4361.0
3700.0 4342.0
3762.0 4484.0
3718.0103916866506 4368.803357314148
3773.0 4403.0
3922.0 3289.0
3915.203015411179 3263.294964028777
3898.718602941155 3265.054975583192
3880.8125769374114 3333.172523965186
3747.0 4421.0
5341.0 1980.0
5331.490736061462 1998.109616737259
5327.5356446233245 1982.5029021089617
5325.0 1978.0
5338.979216626699 1994.9402286487843
4482.0 4397.0
4502.0 4385.0
4576.0 4475.0
4492.989608313349 4404.803357314148
4569.41445154157 4463.294964028777
4559.515587529976 4465.6058479686835
4683.0 4601.0
4625.0 4515.0
4618.0 4531.0
3207.0 4346.0
3492.0 3934.0
3502.9896083133494 3926.196642685851
3475.9896083133494 3862.196642685851
3948.0 4735.0
3980.0 4800.0
2024.0 2901.0
2034.9896083133492 2908.803357314149
2088.0 2870.0
2077.0103916866506 2862.196642685851
1574.0 749.0
1605.484412470024 785.044748638068
1577.0 763.0
1597.341933565795 773.339712666845
1565.0 673.0
1584.0 741.0
1596.0 739.0
934.0 3197.0
1820.0 2032.0
1848.0 2058.0
1773.0 1996.0
1894.0 2122.0
3792.0 4545.0
3786.0 4535.0
3804.0 4530.0
3819.0 4583.0
3804.0 4541.0
1246.0 3234.0
1256.9896083133492 3226.196642685851
616.0 2439.0
3944.0 3004.0
3954.9896083133494 3011.803357314149
3918.0 2999.0
3928.9896083133494 3006.803357314149
398.0 2373.0
399.0 2357.0
389.0 2363.0
408.0 2353.0
3865.0 3794.0
5142.0 1256.0
5124.0 1316.0
4713.0 2866.0
4723.989608313349 2858.196642685851
4795.0 2766.0
4640.0 4733.0
4660.0 4817.0
4691.0 4881.0
4597.0 4670.0
4585.0 4658.0
4579.0 4675.0
2685.0 2378.0
2684.0 2393.0
2435.0 2198.0
2539.9896083133494 2264.196642685851
2470.0 2222.0
2420.0 2188.0
2767.0 2489.0
2916.0 2574.0
2962.0103916866506 2578.196642685851
3646.0 943.0
3643.0 924.0
3629.0 938.0
3639.9896083133494 930.1966426858513
2983.9896083133494 2450.803357314149
2973.0 2443.0
2962.0 2433.0
2948.0 2422.0
5017.989608313349 876.1966426858513
3487.0 3817.0
3096.9896083133494 2508.196642685851
3042.0 2486.0
4306.0 2251.0
4315.0 2243.0
4322.0 2255.0
3325.0 2266.0
2750.0 2257.0
3700.0 1901.0
3690.0 1892.0
4618.779126327866 127.6483502820606
3585.0 3594.0
3573.0 3572.0
3611.0 3579.0
3585.0 3583.0
3566.0103916866506 3556.196642685851
4895.0 2808.0
4924.0 2816.0
4862.0 2794.0
4770.010391686651 2796.803357314149
3128.0 4281.0
3105.0 4345.0
3115.897232695682 4277.481552510406
3142.0 4241.0
3102.0 4306.0
3111.515587529976 4289.186588481629
4121.0 2800.0
4110.010391686651 2807.803357314149
4105.0 2837.0
1279.0103916866508 3633.803357314149
4748.0 297.0
3567.109479928221 3787.5139743875
3553.515587529976 3775.808938416277
3586.0 3840.0
3573.0 3844.0
4076.0 2880.0
4673.010391686651 3918.196642685851
2477.0 929.0
2510.9896083133494 992.8033573141487
2387.0 697.0
2349.0 642.0
2374.0 694.0
2357.0 632.0
3213.0 2481.0
4644.989608313349 2750.196642685851
2386.0 2165.0
2382.0 2181.0
3668.0 854.0
3660.0 779.0
3678.0 776.0
3682.0 886.0
3667.0103916866506 768.1966426858513
5099.989608313349 99.80335731414868
4952.0 2798.0
4993.0 2819.0
4988.0 2808.0
5945.989608313349 2273.196642685851
2398.0 2181.0
935.0 2583.0
1000.0 2594.0
953.0 2594.0
944.0 2553.0
945.0 2567.0
1006.4578518023259 2595.068084532374
1016.4844124700239 2605.705035971223
2157.4459864112296 4226.530688621644
2109.0 4326.0
2173.9303988812535 4215.294964028777
2145.0 4269.0
2738.0 2520.0
2737.0 2494.0
2627.0 2447.0
2747.0 2504.0
2574.0 2410.0
2502.0 2384.0
2637.9896083133494 2439.196642685851
4320.0 3771.0
4363.0 3782.0
4433.0 3819.0
4373.989608313349 3789.803357314149
6884.989608313349 1865.8033573141486
6874.0 1858.0
6814.0 1882.0
2155.0 2808.0
1780.0 2912.0
1982.0103916866508 2836.196642685851
1713.0 2929.0
1555.259258144391 2963.2069266227754
1551.515587529976 2951.5018906515525
1066.0 2641.0
1075.0 2630.0
1076.0103916866508 2635.196642685851
4036.515587529976 2844.705035971223
4038.242790965877 2833.355650115939
2416.0 2372.0
2448.0 2384.0
3340.9896083133494 2793.803357314149
3193.0 2468.0
3203.9896083133494 2475.803357314149
2699.0 2266.0
3843.5475235885683 3661.294964028777
3856.0 3716.0
3870.0 3719.0
3860.0319360585927 3663.952168415985
3862.0 3759.0
3859.0 3726.0
3170.0 4628.0
3154.0103916866506 4549.803357314148
3156.0 4624.0
3130.0 4576.0
3115.0 4628.0
3140.0 4618.0
1728.0 1241.0
1723.8508058669343 1240.9698144465142
1720.515587529976 1252.6748504177372
1721.0 1247.0
6149.0 1859.0
5861.0 1904.0
6139.0 1874.0
6150.0 1868.0
6136.0 1854.0
5313.989608313349 1573.1966426858514
3217.0 2739.0
3237.0 2729.0
3362.0103916866506 2151.196642685851
2366.0 2335.0
3167.0 3279.0
3172.0 3280.0
3143.0 3314.0
3311.0 3229.0
3140.0 3303.0
3182.9896083133494 3287.803357314149
5484.0 1518.0
5443.0 1566.0
3271.9896083133494 4067.803357314149
5300.0 2889.0
5289.0 2891.0
5299.0 2903.0
5236.989608313349 2884.196642685851
5342.0 2900.0
5410.0 2911.0
2043.0 3811.0
2042.0 3796.0
2032.0103916866508 3818.803357314149
1848.0 3777.0
2285.0 3820.0
3785.9896083133494 4064.803357314149
3794.0 4116.0
3797.0 4125.0
3804.0 3898.0
3224.0 3479.0
5367.484412470024 1755.058945172914
5351.0 1756.0
5364.128071274324 1766.763981144137
5237.0 1556.0
5252.0 1567.0
5253.989608313349 1630.8033573141486
3538.0103916866506 3721.803357314149
5436.989608313349 1630.8033573141486
4891.0 611.0
5017.010391686651 879.1966426858513
5042.0 883.0
3747.0 2455.0
3110.0 2836.0
371.0 2412.0
355.0 2408.0
469.0 2427.0
4775.010391686651 360.8033573141487
5561.586650024889 1967.356154714538
5557.020783373301 1967.6031146295365
5577.654620226231 1967.6067146282974
5773.0 1885.0
4909.0 2891.0
4923.5549532261475 2896.8636759783703
4928.0 2902.0
4925.484412470024 2885.1586400071474
4937.0 2915.0
1308.9896083133492 3172.196642685851
3492.0 3625.0
4315.989608313349 2444.803357314149
4321.0 2390.0
4320.0 2375.0
5260.010391686651 1758.8033573141486
3132.9896083133494 3832.803357314149
6098.0 2016.0
6036.989608313349 2042.1966426858514
4564.0 0.0
4602.989608313349 46.803357314148684
2239.0 3842.0
4305.870406198317 4090.294964028777
4312.484412470024 4097.235701447581
4390.0 3643.0
4870.0 4052.0
4907.0 4063.0
4859.010391686651 4059.803357314149
4786.484412470024 3979.318763151039
4784.8410142861285 3984.705035971223
3274.0 4120.0
5365.0 1754.0
5382.0 1767.0
5375.0 1795.0
5386.0 1787.0
5375.0 1813.0
3123.0 2104.0
3133.9896083133494 2111.803357314149
378.0103916866507 2355.196642685851
4599.0 1990.0
4600.224296991651 2001.705035971223
4615.484412470024 1992.344363725869
4589.0 1982.0
4584.989608313349 2040.1966426858514
2765.0103916866506 2348.803357314149
5371.010391686651 1774.8033573141486
3448.0 3152.0
3431.0 3182.0
3462.0 3179.0
3439.0103916866506 3143.196642685851
3556.2690107480007 3814.8873552996783
3557.0 3815.0
3572.7534232180246 3826.5923912709013
3137.0 4657.0
3147.9896083133494 4664.803357314148
3388.0 2983.0
3343.0 3023.0
3372.0 2991.0
3379.9896083133494 2988.196642685851
3370.0 3007.0
3292.0 3044.0
3353.9896083133494 3030.803357314149
3359.0103916866506 3014.803357314149
3713.0 3636.0
3742.0 3666.0
4194.0 3348.0
4695.0 4617.0
4708.0 4621.0
4705.0 4607.0
3112.9896083133494 4313.803357314148
3076.0 4376.0
3060.0 4371.0
3303.0103916866506 2787.196642685851
2760.9896083133494 2361.803357314149
2692.0 2203.0
2680.0 2212.0
2704.0 2196.0
5533.0 1518.0
5613.0 1448.0
5628.0 1436.0
6033.989608313349 2374.803357314149
6099.0 2379.0
3218.0 4139.0
3697.0 817.0
4938.989608313349 2894.196642685851
4296.0 3656.0
4240.989608313349 3665.803357314149
4138.0 3293.0
4139.0 3287.0
3882.484412470024 3336.705035971223
1781.0 3801.0
1649.0 3765.0
1756.0 3811.0
1777.0 3813.0
1525.0 3742.0
2714.9896083133494 2203.803357314149
3834.0 3964.0
3793.0103916866506 3905.803357314149
6737.0 1934.0
6613.0 1963.0
5638.0 1499.0
5574.0 1538.0
4296.0 2359.0
4285.0 2362.0
6394.0 1891.0
4532.0 2206.0
4550.0 2214.0
2508.8311787568528 4288.533213306123
5112.0 1309.0
5136.0 1316.0
2824.0 4230.0
2785.0 4273.0
2851.484412470024 4193.705035971223
2845.1346577044405 4187.257081082123
2812.0 4227.0
2982.0 2853.0
2966.0 2828.0
4792.0 2716.0
1296.0103916866508 3722.803357314149
1307.0 3715.0
1238.0 3722.0
1381.0 3737.0
5105.209578250416 1309.1889253372997
5095.515587529976 1320.705035971223
3173.9896083133494 3412.803357314149
1343.0 3742.0
1353.9896083133492 3734.196642685851
1391.9896083133492 3744.803357314149
3366.2146739655386 3405.294964028777
3382.6990864355625 3407.0223913683426
3353.0 3397.0
3363.9896083133494 3389.196642685851
3807.0 2898.0
3869.0 3127.0
3857.0 3160.0
3854.0 3126.0
3866.0 3115.0
3681.0 1011.0
3695.9896083133494 1040.1966426858514
5522.010391686651 1572.8033573141486
5533.0 1565.0
1628.0 1518.0
1613.0 1488.0
2036.0 4409.0
5335.989608313349 1985.8033573141486
4174.0 3877.0
2024.0 4449.0
3204.0 3369.0
690.9896083133493 2464.196642685851
3054.9896083133494 3540.803357314149
4811.0 4025.0
4819.0 4003.0
4799.0 4016.0
5380.010391686651 1600.1966426858514
2317.0 581.0
544.0 2438.0
3848.0103916866506 3733.803357314149
5405.989608313349 1419.8033573141486
1921.0 2139.0
1888.0 2121.0
1939.0 2152.0
1935.0 2142.0
1922.0 2158.0
2326.0 558.0
1904.9896083133492 2114.196642685851
4198.0 3900.0
5375.010391686651 1779.1966426858514
3562.0 1088.0
3575.0 1094.0
3002.0 4134.0
4707.0 2896.0
4696.010391686651 2888.196642685851
3898.0 3825.0
4150.0 3335.0
4205.0 3370.0
3860.0 3178.0
4306.989608313349 3648.196642685851
2730.0103916866506 4320.196642685852
2741.0 4328.0
3251.0 3242.0
3300.0103916866506 3221.196642685851
3847.0 4663.0
3120.0103916866506 2855.803357314149
2774.0103916866506 4265.196642685852
3720.0 1935.0
3096.0103916866506 2915.803357314149
3075.0 2939.0
2937.0103916866506 2414.196642685851
3794.0 3966.0
3037.9896083133494 4149.803357314148
3129.0 3310.0
1497.9896083133492 2804.803357314149
1470.0 2793.0
2731.0103916866506 3917.803357314149
2727.0 3925.0
5246.989608313349 1774.1966426858514
4617.010391686651 2787.196642685851
3638.0103916866506 3490.196642685851
1529.0 606.0
1518.0103916866508 598.1966426858513
1545.0 601.0
3775.0103916866506 3870.803357314149
3106.0 4662.0
3150.0 2466.0
0 1
1 2
1 3
4 5
4 6
4 7
5 8
6 9
6 10
7 11
7 12
7 13
14 9
14 15
15 16
15 17
15 18
15 19
15 20
15 21
15 22
15 23
15 24
15 25
15 26
15 27
28 29
29 30
29 31
29 32
33 34
33 35
33 36
33 37
33 38
33 39
33 40
33 41
33 42
35 43
35 44
36 45
36 46
36 47
36 48
36 49
36 50
36 51
36 52
36 53
36 54
36 55
36 56
36 57
39 58
39 59
60 61
61 62
61 63
61 64
61 65
61 66
61 67
61 68
69 70
70 71
70 72
70 73
74 75
75 76
77 78
78 79
78 80
78 81
78 82
78 83
78 84
78 85
78 86
78 87
78 88
78 89
78 90
78 91
78 92
93 2
2 94
2 95
2 96
2 97
2 98
2 99
2 100
2 101
2 102
2 103
2 104
2 105
106 107
107 108
107 109
110 111
111 112
111 113
111 114
111 115
111 116
111 56
111 117
111 118
119 120
120 121
120 122
120 123
124 125
125 126
97 127
97 128
97 129
101 130
102 131
103 132
104 133
104 134
104 135
104 136
137 138
137 139
138 140
139 141
139 83
139 142
139 143
139 144
139 145
146 147
147 148
147 149
147 150
147 151
147 152
147 153
147 154
147 155
147 156
147 157
147 158
147 159
147 160
147 161
147 162
163 164
163 165
163 128
163 166
165 167
128 168
128 169
128 170
128 171
128 172
128 173
128 174
128 175
128 176
128 177
128 178
128 179
128 180
128 181
128 182
128 183
128 184
128 185
128 186
128 187
128 188
128 189
128 190
128 191
128 192
128 193
128 194
128 195
128 196
128 197
128 198
128 199
128 200
128 201
128 202
128 203
128 204
128 205
128 206
128 207
128 208
128 209
210 211
210 212
211 213
212 214
215 216
216 217
216 218
216 219
216 220
221 222
222 223
222 224
222 225
222 226
222 227
222 228
222 229
222 230
222 231
222 232
222 187
222 233
222 234
222 235
222 236
222 237
222 238
222 239
222 240
241 242
242 243
242 244
245 246
246 247
248 149
149 249
149 250
149 251
149 252
149 253
149 254
149 255
149 256
149 257
149 258
149 259
149 260
149 261
149 262
149 263
149 264
149 265
149 266
149 267
149 268
149 269
149 270
149 271
149 272
149 273
149 274
149 275
149 276
149 277
149 278
279 280
280 281
280 282
283 187
187 284
187 285
187 286
187 287
187 288
187 289
187 290
187 291
187 292
187 293
187 294
187 295
187 296
187 297
187 298
187 299
187 220
187 300
187 301
187 302
187 303
187 304
187 305
187 306
187 307
187 31
187 308
187 309
187 310
187 311
187 312
187 313
187 314
187 315
187 316
187 317
187 318
187 319
187 320
187 321
187 322
187 323
187 324
187 325
187 326
187 327
187 328
187 329
187 330
187 331
187 332
187 333
187 334
187 335
187 336
337 338
337 339
338 340
339 341
339 342
343 344
344 345
344 346
344 347
344 348
344 349
344 350
344 351
344 352
344 353
344 354
344 355
344 356
344 357
344 358
344 359
344 360
344 361
344 362
363 364
364 365
168 366
168 367
168 368
369 370
369 371
369 372
370 373
370 374
371 375
371 376
377 334
334 378
334 379
334 380
334 381
334 382
334 383
334 384
334 385
334 386
334 341
334 387
334 388
334 389
334 390
334 391
334 392
334 393
334 394
334 395
334 396
334 397
334 398
399 400
399 401
399 402
399 403
399 404
399 405
399 406
400 407
400 408
400 409
401 410
402 411
402 303
402 412
403 413
403 414
403 415
403 416
403 417
403 418
405 419
405 420
131 421
131 422
131 423
131 424
421 425
421 426
421 427
422 428
423 429
430 431
431 432
431 433
431 434
435 436
436 437
438 416
416 439
416 440
416 441
416 442
416 443
133 444
133 445
133 446
445 447
446 448
449 450
450 451
450 452
450 453
450 454
450 455
450 456
450 457
450 458
450 437
459 460
460 461
460 462
460 463
460 464
465 466
466 467
466 468
466 469
466 470
466 471
466 472
466 473
466 474
466 475
466 476
466 477
466 478
466 479
466 480
466 481
466 482
466 483
466 484
466 485
466 129
466 486
466 487
466 488
466 489
490 491
490 492
490 493
490 494
490 495
490 496
490 497
491 498
492 499
493 500
493 501
493 502
493 503
493 504
493 505
493 506
494 507
495 508
509 510
510 511
510 512
510 513
514 276
276 515
276 516
276 437
276 517
276 518
276 519
276 520
276 521
276 522
276 523
276 524
276 525
276 526
276 527
276 528
468 529
529 530
531 532
532 533
534 535
534 536
534 537
535 538
536 539
536 540
536 541
536 542
536 543
536 544
536 545
469 546
469 547
130 548
549 550
549 551
550 552
553 220
220 554
220 555
220 56
220 556
220 557
220 558
220 559
220 560
220 561
220 562
220 563
220 564
565 566
565 567
566 189
566 568
569 570
570 475
571 188
572 573
573 574
573 575
573 576
378 577
378 578
378 579
378 580
378 581
577 582
577 583
577 584
577 585
577 586
577 587
577 588
577 589
577 590
577 591
577 592
593 594
594 595
594 596
594 597
594 598
594 599
600 601
601 602
603 604
604 605
604 606
607 608
608 609
608 610
127 611
127 612
127 613
127 614
127 615
127 616
129 617
129 618
129 619
129 620
129 621
129 26
129 622
129 623
129 624
129 625
626 618
618 627
618 282
618 628
618 629
223 630
223 631
223 596
223 632
223 633
223 634
596 635
596 636
596 637
596 638
596 639
596 640
596 641
596 642
596 643
596 644
633 645
634 646
647 648
647 365
365 649
650 518
511 651
511 652
651 653
651 654
655 373
656 657
657 17
657 658
214 659
214 437
214 660
659 661
659 662
437 663
437 664
437 665
437 666
437 667
437 668
437 669
437 670
437 671
437 672
437 673
674 275
282 675
676 677
677 678
679 680
680 681
680 682
680 683
680 684
680 685
686 539
539 687
539 688
539 689
539 690
539 691
539 692
539 693
539 694
539 695
539 696
539 697
698 629
629 699
629 700
629 701
702 703
702 704
704 705
704 231
704 706
704 707
704 708
704 434
704 709
704 710
16 711
16 712
16 713
713 714
715 706
706 716
706 717
718 683
683 719
683 720
683 721
683 722
683 723
683 724
683 725
683 506
683 726
683 540
683 727
683 728
683 729
346 730
731 544
544 732
544 678
733 198
198 734
735 526
80 736
737 738
738 739
738 17
738 740
738 576
741 742
741 743
742 744
742 745
742 746
742 747
742 748
749 729
729 750
729 751
729 752
753 754
754 121
754 755
754 756
754 757
754 758
759 76
76 760
76 761
76 762
76 375
763 512
512 31
512 764
512 765
512 766
512 767
512 768
512 769
770 619
619 771
347 772
347 773
347 774
347 775
347 776
347 777
347 778
347 779
347 780
347 781
347 782
347 783
347 784
347 785
347 786
347 787
772 788
776 789
783 790
783 504
289 791
792 793
792 452
793 794
452 795
452 796
452 797
452 798
799 273
273 800
273 801
273 802
273 803
273 231
273 804
273 805
273 806
273 807
273 808
273 809
273 810
811 812
811 540
540 813
540 814
540 815
540 816
540 817
540 818
540 819
540 820
540 821
540 822
540 823
540 824
540 825
540 610
540 826
540 827
540 828
540 829
540 830
831 832
831 833
833 834
833 835
833 836
833 244
833 837
833 838
833 839
813 840
841 352
842 843
842 56
842 844
56 845
56 846
56 847
56 848
56 849
56 850
56 851
56 533
56 852
56 853
56 854
56 855
56 856
56 857
56 858
56 859
56 860
861 862
862 863
864 865
865 866
865 325
865 867
868 800
800 869
800 870
800 871
800 872
873 874
873 875
873 611
875 876
611 877
611 878
879 615
615 880
615 881
615 882
615 883
884 885
885 886
885 887
250 888
888 889
890 891
891 892
893 894
893 895
895 462
895 896
897 881
898 899
899 887
899 196
121 900
121 901
121 902
900 903
901 815
901 904
901 905
901 906
907 908
907 909
908 910
908 911
908 912
913 745
745 691
745 914
814 915
916 331
331 917
331 918
331 919
331 920
331 921
331 922
331 923
331 924
331 925
331 926
927 823
823 928
929 930
929 931
929 932
930 933
930 934
932 935
932 85
583 936
583 937
937 938
255 649
261 939
262 940
262 941
265 942
265 943
274 944
274 945
946 739
739 947
948 949
948 483
483 950
483 951
46 952
953 954
954 955
956 152
152 957
958 562
562 959
562 960
562 961
562 962
963 964
964 965
966 311
311 967
968 969
968 970
968 971
968 972
968 973
968 974
968 975
968 976
968 977
975 978
975 979
975 980
977 981
977 23
977 982
977 983
984 700
985 351
351 986
351 987
988 989
988 990
988 991
989 992
989 993
989 994
989 995
989 996
989 997
991 998
999 1000
1000 1001
1000 866
1000 1002
473 1003
473 1004
473 1005
473 1006
1007 1008
1008 1009
1008 1010
1008 1011
1008 1012
1008 1013
1008 1014
1008 1015
1008 1016
1017 1018
1017 592
1018 1019
1018 1020
1018 1021
1018 1022
1018 1023
1018 1024
1018 1025
1018 1026
1018 1027
1018 1028
1018 1029
592 1030
592 1031
1032 1033
1033 1034
63 602
63 1035
63 1036
63 1037
64 1038
64 1039
64 1040
64 1041
64 1042
64 1043
65 1044
65 1045
65 1046
65 1047
65 1048
65 1049
65 313
65 1050
68 1051
1052 231
231 1053
231 1054
231 1055
231 1056
231 1057
231 1058
231 1059
231 1060
231 1061
1062 326
1063 177
177 1064
177 1065
1066 1067
1067 1068
349 1069
349 1070
350 1071
356 1072
358 1073
358 1074
358 1075
358 1076
358 1077
358 1015
358 1078
358 1079
358 1080
358 434
358 1081
358 1082
359 1083
359 1084
361 1085
602 1086
602 1087
1088 574
707 1089
707 1090
434 85
434 1091
434 1092
434 1093
434 1094
434 1095
434 1096
1097 1098
1098 691
1099 757
757 1100
291 1101
291 1102
291 1103
291 1104
291 1105
291 1106
291 1107
291 1108
291 1109
1107 1110
1111 1112
1112 1113
1112 1114
1115 1116
1116 247
1116 1117
1118 44
1119 1120
1119 475
1120 1121
1122 1123
1123 688
1123 1124
1123 1125
1123 1126
1123 1127
1123 1128
1123 1129
994 1130
997 1131
997 189
997 1132
997 1133
1134 1135
1134 642
642 1136
642 1137
642 1138
1139 1140
1140 1141
1140 1068
1140 1142
1143 1144
1144 1145
955 1110
1110 1146
1110 1147
1148 209
209 1149
209 1150
1151 557
557 1152
557 1153
557 1154
189 892
568 1155
568 1156
815 1157
815 1158
815 1159
815 1160
1157 1161
1159 1162
1159 606
1159 1163
1159 1164
1160 1165
1166 1167
1167 387
1015 1168
1015 1169
1170 31
31 1171
31 1172
31 1173
31 1174
31 1175
31 1176
31 1177
31 1178
1179 126
126 762
126 1180
126 1181
636 1182
640 965
640 1183
640 1184
643 1185
1186 625
625 1187
1053 1188
171 1189
538 1190
1191 1192
1192 1038
1193 1194
1194 1195
1194 922
1194 1196
1194 1197
1194 1198
1199 1200
1200 682
411 1201
17 1202
1203 1204
1204 1205
1204 426
1206 1207
1207 1208
1207 1209
1207 1210
533 1211
1146 1212
1212 1213
661 1214
1215 387
1215 1216
387 1217
387 1218
387 1219
387 1220
387 1221
387 1222
387 1223
1216 1224
1225 244
244 1226
244 666
244 1227
244 1228
244 1229
1230 1227
1227 1231
587 1232
587 1233
587 1234
591 1235
1226 1236
1237 747
747 1238
747 1239
747 1240
747 1241
747 1068
755 1242
755 1243
755 1244
1242 1245
1244 1246
1244 1247
1244 1248
1244 1249
1244 1250
751 1251
1252 1253
1252 666
666 1254
835 1255
1255 1256
1257 1258
1257 1259
1259 413
1259 1260
1261 376
376 1262
376 1263
376 1264
376 1265
376 1266
376 1267
1168 1268
1269 1270
1269 1271
1270 1272
1273 1229
1229 1274
1229 1275
1229 1276
1229 1277
1278 1279
1278 1081
1280 88
1281 1282
1281 1283
1283 329
1283 1284
1285 83
83 1286
83 1287
83 1288
1289 32
1290 1291
1291 26
1292 1293
1292 193
172 1294
1295 1296
1295 1100
1296 1297
1100 1298
1100 1299
1100 1300
863 1301
863 1302
863 1117
863 341
1117 1303
1117 1304
1117 1305
1117 1306
341 1307
341 1308
341 1309
1038 1310
1038 1311
1038 1312
1312 1313
1314 1315
1315 229
1315 1316
1315 1317
18 1318
1319 1154
1320 229
229 1321
688 1322
688 1323
688 1324
1208 1325
1208 236
801 1326
1327 1047
1047 1328
1329 979
1330 610
610 1331
610 1332
610 1333
610 1334
1335 1336
1335 197
197 1337
197 1338
1339 1340
1339 722
1339 1341
722 1342
722 1343
1341 1344
1345 1346
1345 1347
1347 545
1083 1348
1349 981
1350 961
961 1351
961 1352
961 1353
543 1354
1020 1355
1356 965
965 1357
965 1145
1358 1145
1145 1359
1145 1360
1145 1361
1362 235
1363 191
1364 1306
1306 1365
1366 1367
1366 1039
1366 1368
1039 1369
1368 1370
11 1371
174 1372
1372 1373
1372 1374
135 1375
1303 1376
1377 1378
1378 85
1378 1379
1378 1380
1378 1381
1378 1382
1378 1383
1384 504
504 1385
504 1386
504 1387
1307 1388
1307 1389
1307 1390
1307 1391
1390 1392
1390 1393
1390 1394
1161 1395
1161 1396
1396 1397
1396 1398
1399 1400
1400 1401
414 1402
418 1403
418 1404
1403 1405
1403 1034
1034 1406
1034 72
1034 1407
1408 85
85 1409
85 1410
1411 732
732 1412
1393 1413
1393 1414
1415 391
228 1416
1416 1417
1418 802
1419 1178
1178 1420
1178 1421
1178 1422
1178 1423
1178 1424
682 1425
682 1426
682 1427
684 1428
684 1429
685 1430
1431 375
375 1432
375 1433
375 1434
1435 1114
1114 1436
1114 1437
1114 1438
1114 1439
628 1440
384 1441
384 1442
1209 1443
1413 1444
1445 1446
1446 1447
1446 1448
1446 1449
1446 1450
1451 1452
1452 485
1453 723
892 1454
892 1455
892 1456
892 1457
892 1458
1458 1459
1460 1461
1460 1462
1461 1463
1461 1464
462 1465
462 1176
462 1466
462 1467
1176 1468
667 1469
1470 1471
1471 622
1471 1472
1473 1187
1187 1474
1187 1475
959 1476
476 1477
1478 23
1479 20
20 1480
1481 313
517 1482
1483 1484
1483 1485
1485 89
983 1486
1068 1487
1068 1436
1068 1488
1068 1489
1142 1490
179 1491
1491 1492
1491 1493
1491 1494
1491 1495
1077 1496
1497 559
1498 696
696 1499
696 1500
1501 771
847 1502
1503 876
876 1504
1505 980
980 1506
114 1464
1464 1507
123 1508
123 1509
1510 606
1511 1024
1511 1512
1511 1513
1024 1514
1024 1515
1516 728
622 1517
622 1518
622 1519
622 1520
622 1521
1522 1523
1522 941
1287 1524
1525 1526
1525 1527
1525 912
912 691
912 1528
912 1529
1530 807
1531 1518
1532 325
325 1533
325 1448
325 1534
325 1535
1536 1537
1537 1538
1537 960
1430 1539
1539 1540
303 1541
303 1542
303 552
303 1543
303 1544
303 1545
1542 1546
1542 1547
1545 1548
1549 824
1549 1550
1551 922
1552 1248
1248 1553
1248 1554
1343 1555
1343 1556
1343 1557
1558 398
804 1559
806 1560
806 1561
806 1562
1563 484
1563 1564
1564 1565
1566 548
548 1567
724 1568
1369 1569
1493 1570
1162 1571
1163 1572
923 1573
923 1574
1235 1575
1463 1576
1463 1577
1576 1578
1576 1579
1577 1580
1562 1581
1582 1468
1468 1583
1401 1584
1584 1585
427 1585
1586 1587
1587 481
1588 694
694 1589
1113 1590
691 1591
691 1592
501 1593
26 1594
26 1595
1596 506
506 1597
506 1598
506 1599
506 1600
1219 1601
1221 1602
186 1603
1604 1605
1605 1606
1605 1607
1594 1608
1594 1609
866 1610
1611 1612
1611 1607
1607 1613
1607 1580
108 1614
108 1615
108 1616
108 826
1616 1617
316 1618
332 1619
332 1620
332 1621
332 1622
1040 1623
1040 1624
1625 1626
1626 481
1627 1181
1627 1628
762 442
1385 1629
1240 1630
905 1631
1629 1632
1633 867
1634 87
1002 1635
1636 1029
1029 1637
1029 1638
488 1639
1359 1640
89 1641
1642 1424
1643 701
1644 1645
1644 442
442 1646
442 1647
442 1648
442 1272
1649 1361
1650 1272
1631 1651
1520 1652
1035 1653
1035 1654
52 1655
1656 1657
1656 205
1658 1423
1659 1660
1659 926
1620 1661
1662 1571
1663 1664
1664 1597
1448 1665
1448 1666
1276 1667
1668 522
1597 1669
1046 1670
1671 528
528 1672
1317 1673
1674 768
55 1675
1676 109
1677 1095
1095 1678
1679 117
117 1680
623 1681
200 1682
828 1683
1684 1265
1684 1685
1265 1686
767 1687
1429 1688
1689 239
