1690
2343 2888
2538 784
2561 353
2783 2644
438 1921
2121 1985
866 2111
1667 2306
2445 79
1510 1824
1243 1499
1975 9
1341 531
1860 280
2177 1160
1946 614
703 942
1900 1229
421 484
2929 737
2001 1151
1685 1106
2386 315
337 2034
2975 731
1156 564
2511 720
784 2090
531 2578
12 1978
2609 2120
2708 139
351 1049
602 156
893 2459
1061 402
2855 2940
203 2396
194 1977
311 427
15 452
2072 2312
2950 1759
2643 646
2490 2223
392 926
1193 147
2910 415
636 727
199 920
757 2788
2284 2783
1592 745
2960 921
41 264
2776 1184
2769 2668
1401 1257
1880 1586
1637 2220
2982 1140
1128 733
2539 905
1789 1534
2663 1274
1966 886
992 2365
1837 2587
2088 1032
1841 2514
1208 2596
1160 2712
607 1490
1785 2721
555 2033
1323 2454
583 1906
326 2357
2646 650
2162 2528
872 1471
1097 2624
2385 2837
1329 1099
1042 2849
424 2451
355 960
1719 2717
464 2302
1794 886
2850 1147
888 2140
2833 1175
36 2263
972 290
852 2627
2716 886
2033 2602
2762 2069
38 653
67 2792
136 2784
297 1743
84 577
1178 2429
1418 1459
1908 75
1168 1168
2209 1654
815 1947
2466 131
69 2714
2435 1890
1999 229
932 2587
597 1028
357 927
434 2054
1531 1527
337 412
826 748
2795 2336
2867 2203
2051 2105
394 567
1391 481
115 1488
1480 1418
2450 237
489 2208
723 2050
1250 869
1644 1818
733 682
393 2970
2885 2151
838 1657
1344 586
2653 182
1250 85
2650 2450
1769 1773
2297 2841
443 1108
2386 2053
2717 1994
2737 2354
2419 280
1674 69
1718 2470
844 2611
2785 1981
2056 1951
1369 1890
2232 2222
2209 523
772 2937
2315 2262
1940 2035
1961 270
2883 2212
2900 364
1165 934
2965 430
2613 2184
1340 2307
1774 1737
2829 1078
1319 367
1056 1525
2658 2888
811 2514
521 996
1251 67
2235 220
2705 430
1739 1979
1956 2097
1467 1170
1513 841
17 140
1142 2679
2347 565
1142 1262
442 1816
1602 244
1895 2486
1791 2139
1057 2248
580 378
67 872
215 441
2701 2998
2655 2712
1353 710
570 1996
1570 1636
392 449
2589 1164
1283 2533
2202 867
1708 1236
419 1708
1994 830
1393 1590
2947 1203
2489 675
2299 511
1431 1501
864 1252
216 692
2667 917
718 2605
1925 474
2589 1475
1261 1652
888 122
230 1927
272 766
693 1991
1708 2146
165 2192
2427 74
1494 156
2327 1032
2474 1776
1911 50
1849 415
2083 1282
268 394
780 235
1294 1675
500 618
1845 1969
932 2563
1708 2401
2316 2605
443 2098
1166 2948
2676 769
2180 321
2714 1109
2895 2187
1601 566
2609 2940
2800 349
2023 1489
1903 419
1769 2337
51 2706
465 233
147 2895
2725 2550
1973 725
505 2033
1029 2727
1742 2989
2813 1697
1949 446
937 1957
339 1799
2929 2164
2524 2826
2988 1167
2258 1922
2346 1841
510 2015
2888 1571
2394 1750
1851 66
772 2611
1392 1737
2143 2831
1286 1324
1092 999
92 310
177 899
120 1707
2208 2239
1441 3
2767 2548
1064 590
2332 1679
2758 921
1747 2192
2700 2313
1286 1045
2520 1509
210 1933
923 1832
1813 228
144 1134
2054 600
2086 365
5 2117
2027 1942
1305 2300
1535 28
572 2590
2053 948
1453 1126
39 663
776 2738
565 457
102 1652
1361 1973
2102 571
138 2754
1830 1599
2180 456
51 2744
163 1300
1347 1546
183 735
365 988
2393 2252
1026 1504
1507 2894
2274 2848
2386 2071
622 2236
1657 211
1960 1439
2989 199
472 2456
1340 1146
712 1992
2760 493
2850 1563
2636 80
2152 895
1644 1318
2148 864
790 253
1856 987
2862 2852
1344 2976
2395 915
533 1166
2802 2260
2418 1683
1192 1827
2463 1850
1968 1735
2650 1288
234 2552
2201 1607
1436 2420
2340 2710
801 1827
1692 1273
130 705
616 2374
432 1703
745 2882
1844 245
550 953
2371 677
275 129
1611 726
265 788
2075 356
552 2650
2892 2635
1904 2363
565 129
1599 638
2871 2875
1144 2299
2961 2508
2058 1799
2638 2807
2337 2558
1272 1465
2785 8
2076 2836
1566 2432
2615 520
1613 2437
90 155
165 402
207 2773
786 496
1382 1356
1531 306
508 289
1274 1513
1568 241
2815 2775
2293 422
1705 304
2553 373
2355 255
2399 1788
34 69
590 567
982 541
2266 2703
968 282
552 1616
114 1344
705 2891
289 553
1418 2330
1795 2714
2825 2735
173 2320
498 2705
1596 2307
2450 2284
223 8
2238 1897
645 930
2433 2457
2339 1717
2917 709
1987 1419
83 325
1061 2116
2763 619
350 1326
108 969
289 1432
2969 308
2037 2186
1225 1444
299 1958
872 1548
1881 2568
530 2661
674 727
614 1861
2593 2565
1388 634
1481 2237
1245 929
61 287
2661 1492
321 2799
2022 694
655 1535
1126 872
1892 480
123 2408
716 2156
1872 2915
889 1468
1586 662
548 2277
1640 2575
1833 1053
2604 1388
1220 2899
2512 776
918 380
2303 1270
1657 296
705 51
2992 2972
1217 865
2518 1372
1072 386
1053 20
896 1172
2925 1830
608 556
306 1009
263 35
1861 648
1265 2318
2071 833
2738 2600
1417 953
693 1563
699 306
1717 200
1353 709
1563 1906
484 1129
2439 2060
2156 1189
1327 2574
1398 2252
2723 1993
2922 2674
655 2986
1432 2802
2962 426
1515 2319
2037 227
138 1952
1996 76
2338 349
2400 2081
2159 2384
1410 2547
1034 879
1375 1157
138 73
282 164
400 184
1812 2773
2013 2483
2058 1569
1437 1902
195 490
1786 2326
2502 532
594 1439
375 1702
1141 2758
1898 2447
364 899
1305 1655
2415 1628
2631 2952
2120 691
1112 1078
634 2578
2614 1520
1937 2105
2580 859
1494 1956
184 208
491 98
232 276
2343 234
1221 738
259 895
2043 1479
103 1757
2798 388
2417 1509
704 1573
1772 1756
267 2277
2264 2999
571 1819
2976 838
2380 520
1562 2860
2215 1434
1857 36
362 1496
2612 1047
2985 1738
2567 767
973 1656
2214 2899
2402 688
2798 156
1633 1232
754 987
2761 2467
2381 2007
964 630
2455 1198
1004 2277
1785 565
2298 2213
841 2661
1845 2795
2146 123
2601 661
19 882
1331 227
2883 1624
332 1213
266 1492
2635 611
2640 1880
2670 2318
1929 2545
1453 2165
565 2783
830 425
2304 51
2482 573
645 2677
2361 303
2387 1286
345 490
2266 88
997 2124
1632 2403
382 875
559 841
1629 1977
2591 1077
1541 2809
2353 2830
1581 682
708 2671
2227 2489
646 44
171 2859
1195 977
1422 1120
2059 2924
349 723
2452 885
2764 362
2742 2398
1933 1493
2854 2052
2145 530
1308 2013
174 567
2274 2398
2955 1913
1546 1931
282 1538
2599 194
2236 2272
875 1906
970 853
721 921
2115 844
350 207
2681 232
244 785
2026 1176
977 2246
1649 1600
1984 945
246 2144
2528 269
2592 2033
2714 1274
1375 2628
2420 408
2189 2789
2263 2237
589 425
1376 1727
2134 538
1210 2017
1832 2998
2879 2091
2581 9
1722 2417
2366 732
1438 2398
2936 166
1901 2369
2598 2240
2458 2579
2239 46
2280 918
1433 660
2420 1117
633 236
362 1869
2253 1208
1857 960
2563 2957
60 2309
1974 727
230 644
1835 630
531 2848
1951 618
1704 2681
812 2806
2839 897
2729 1347
2878 511
555 2419
1110 2539
697 567
825 2972
1280 482
2791 1915
2360 1806
2070 1052
2837 1176
1321 1460
2472 1794
2495 1351
376 1693
487 2558
2823 2721
728 845
2012 1782
641 1662
76 2168
378 171
2497 1817
1919 1735
256 677
1806 857
1014 128
2007 1219
996 2866
153 663
2789 1340
600 774
1512 1548
1020 1630
1378 321
359 1360
2487 1258
2673 1009
1090 2228
2324 803
1189 2879
2076 1133
2264 1474
703 2158
1557 1637
1476 663
2998 1348
2460 2207
1296 2628
1306 608
814 518
2975 2122
2288 2239
1784 2350
1059 707
882 1417
1664 2428
1516 1416
1287 1947
98 1292
743 180
212 1880
2151 1217
2664 797
297 1877
1095 2440
1836 804
2263 1288
2039 41
2007 2286
1882 1283
51 1322
2773 2708
661 746
2762 2806
607 1062
400 617
2973 197
2270 893
2625 1137
774 1683
109 2230
725 1063
1258 1764
2413 1114
533 99
1157 2781
498 2694
338 1822
1957 1256
346 2651
353 1694
1784 956
1799 455
1601 1003
821 92
1788 2948
650 539
1396 2469
875 1470
348 191
1898 944
229 1355
1042 2525
181 771
158 2979
711 1057
1099 1527
698 1698
1868 2579
2335 331
1586 2551
75 891
2359 2725
2668 2389
141 57
1047 2114
2115 2149
846 1664
258 1236
2785 1035
243 1894
2477 1147
2552 125
2602 543
1159 580
2814 2276
2226 341
2029 2500
332 12
1630 1461
1047 2215
228 263
1034 1272
1646 2518
817 2555
1674 1182
1907 330
2902 940
804 835
708 2465
2511 2196
1921 1928
1595 2532
322 2875
1121 1523
2833 2691
1070 642
2099 1978
207 1139
987 9
1658 2056
2911 1545
1883 2607
168 231
2904 2344
2906 2539
2101 1443
1562 2071
980 1254
1347 1016
710 1097
2538 1816
1331 1794
2754 1896
2745 1829
1814 1947
306 2169
2791 1142
2617 2816
1262 23
1455 2007
18 197
2185 542
2294 1396
536 2390
82 2181
308 2322
1111 2639
2042 1137
1267 284
1887 2470
2332 1679
1683 956
605 2575
1199 1730
1865 872
2722 1773
2952 650
218 2565
1760 303
2411 2067
716 2472
942 2962
634 2894
2378 1925
471 1753
259 669
1190 1893
278 1294
2393 1995
2315 2398
102 1
1151 482
2186 671
1591 1093
1955 2158
2603 2173
772 2444
1179 1554
294 1571
2394 2796
1149 1653
2750 657
688 1124
2954 3000
1656 1303
2335 2412
1085 521
2376 2598
2590 2893
46 962
660 1575
410 1922
2000 1196
2314 2390
950 371
2731 2013
2285 2139
2526 2115
814 1382
2182 756
1603 1153
2119 202
379 617
1540 2515
2915 2939
890 2369
136 1441
1223 2200
430 596
1492 637
1321 2041
1113 2484
1452 2099
970 1863
2966 2714
694 635
1022 1026
2975 2254
2031 2021
13 1174
1313 1938
480 305
2693 1456
1181 1609
2573 2285
1172 1415
938 1206
1544 923
2667 2515
2208 497
1412 2590
2344 253
1425 120
2262 882
928 1598
457 430
225 2954
2271 1188
922 2024
1334 174
349 1192
934 393
2822 230
1568 2112
2048 1942
236 1827
2138 1908
1768 2646
2331 1830
1022 2941
1809 1434
2247 2627
670 2571
1906 2133
2836 1163
2113 2205
2684 1553
247 2146
1796 738
1071 169
462 1628
739 1219
2091 2704
1724 1122
2209 968
2578 2941
637 1846
2252 2784
2636 1087
2295 1437
2728 1952
1765 1189
2068 1317
2944 741
478 2907
634 613
2362 454
367 755
2090 1648
769 1447
2096 2994
2289 962
727 1310
1688 779
2215 2080
2691 332
993 614
2268 894
2183 2387
2538 11
2621 2368
2908 1659
2619 15
59 2488
518 1445
2738 2470
429 2616
2336 737
257 1272
1594 2807
1043 2200
1668 2238
1278 950
747 329
2478 160
2111 2047
2244 1820
284 2600
100 1118
2177 1618
15 86
2160 2500
1276 937
546 2901
2442 22
2173 2663
2691 2157
2406 1487
689 1189
1907 2901
1862 2547
2550 2566
1142 2695
1070 1302
984 2757
555 962
238 1158
425 14
2171 229
1840 1891
2043 546
1089 1764
872 2685
113 2360
2988 2841
672 2682
2937 151
2237 2196
162 512
2827 110
1774 2008
2189 921
2917 344
1933 1834
2115 2995
2788 2724
204 1135
2701 2674
185 2151
1753 661
149 1148
1122 1467
884 2588
692 1949
1751 1316
304 1013
2185 1298
2538 1019
2059 362
2288 1982
1079 662
2787 1669
1558 1377
2447 2726
2146 2745
1441 1097
1731 1229
400 2614
2046 1139
1661 1766
1724 930
130 1097
258 299
2593 507
1186 2446
1443 1040
1433 762
1809 291
2590 2012
403 1029
1358 2627
1282 2818
686 534
2589 2823
1150 25
328 850
2666 96
388 287
1324 2264
792 2755
1929 372
1398 927
1484 71
2614 1242
1471 2454
607 1354
558 1174
1249 1956
1240 2180
1534 812
1508 662
1327 2
998 282
2229 460
2298 125
2734 1177
2691 2979
100 427
1263 126
415 1967
2408 689
1099 124
2445 687
2287 2707
1418 2795
2960 2906
2755 1944
1388 1057
1111 1238
2567 489
2464 560
2212 853
1414 304
2750 300
956 2354
35 2569
739 1080
2658 2388
2454 294
1271 53
1558 1020
235 2196
1083 2034
2754 2924
1535 140
2997 569
2504 2247
1447 2144
2746 49
2749 2960
2079 370
2315 21
1197 1582
2930 267
962 2639
2002 916
877 2125
1401 1502
2449 2168
1477 177
1114 517
2448 2675
178 2279
2558 824
467 531
2942 1923
2270 1272
760 2742
2723 2375
2121 1781
690 1944
2959 1459
1551 1243
1739 513
351 656
843 2000
1398 833
1970 1934
1795 642
835 2567
2084 303
674 90
48 46
2935 210
1205 2022
2162 2527
1074 873
2657 2789
1579 1551
1927 1827
458 1202
401 991
1446 762
1821 576
30 976
2075 2890
143 1453
1543 783
2035 1672
2506 737
934 2345
1970 1026
138 570
2087 1073
1550 538
249 2560
2880 148
924 1252
456 1188
365 1697
2518 577
918 8
872 1734
318 845
872 648
1527 472
2947 48
2897 2672
403 697
319 176
588 2887
181 787
1081 1181
468 607
1372 1322
1996 1530
956 926
1041 554
2829 1358
2177 2149
2742 1250
1517 370
855 1221
2891 34
176 1167
1259 177
1234 387
60 1403
2566 1738
974 185
1493 220
2825 56
2748 236
200 1160
604 2252
1920 2723
576 1471
688 2530
1085 1109
1928 136
329 1682
2198 2990
2402 1510
2270 1171
2835 1475
1430 1018
588 2036
1548 202
1761 2785
1230 2775
2100 1818
1105 492
1568 1565
882 2362
255 1344
1203 83
2549 1253
1619 2440
2034 2064
1162 1663
359 2765
1509 1774
474 2396
2204 1355
1405 2999
1761 28
769 2555
2549 1948
973 2669
867 2548
1013 919
2418 2696
2969 317
1810 232
575 1914
1573 1100
546 890
950 2407
514 2456
2972 215
1714 2625
1708 260
1891 1990
387 1499
83 1839
2695 421
266 410
1060 1222
93 2736
2802 130
2460 1760
903 1802
1318 909
193 622
272 1239
1160 1465
79 2307
1994 1915
671 920
1576 2590
1351 2721
2949 1089
2437 1217
1686 1514
2179 2500
2474 1983
2067 85
1927 2053
2826 2117
2422 1879
2865 2315
1292 1654
2128 50
1552 2070
1110 1956
798 136
2446 2037
1898 1719
1877 2966
2060 1415
1053 2551
1419 6
881 989
1077 2542
2226 59
76 2975
2238 21
2980 1394
2120 804
1957 541
727 2831
2910 105
881 2947
2602 2358
2838 2101
2644 503
1787 34
314 1426
2466 2094
717 1199
1462 558
1932 1773
2681 1125
1415 1360
2587 787
1883 2208
2439 2875
1190 1312
2153 483
1170 1748
1739 1984
161 1131
2195 734
2339 2538
1827 844
2497 54
2979 2582
1874 1088
1487 720
43 241
408 1908
1859 105
1417 1682
1653 1166
2084 1740
234 1649
2533 2136
2823 2705
2902 1716
2244 1830
2869 1043
2239 2774
1715 402
2276 1665
1678 1127
1339 1534
2891 1434
2577 1316
648 2056
1981 415
2377 2318
1716 2246
562 348
805 2964
2507 1762
2079 1847
2109 472
1115 542
2429 2879
312 2567
2942 1610
149 297
2090 1759
661 1251
1527 1261
1223 681
1612 2349
953 1564
2044 381
1575 809
1786 2628
2453 2677
1705 1490
1923 82
2197 1379
2753 2633
1941 456
2190 1475
2905 2796
2976 1884
383 2429
973 996
1218 365
2139 696
613 858
2270 1489
2497 1760
2700 2389
623 664
2711 1245
378 2293
1963 804
844 1939
1137 1278
2682 995
2212 629
927 509
1552 1827
2884 2558
559 1985
1086 2615
945 971
2870 875
1148 2865
1906 1368
160 890
2953 2546
236 1733
463 2827
399 1118
702 132
1905 282
2142 1828
2372 1813
1839 2037
2692 1288
1664 2058
657 1608
1128 2150
2650 1661
271 2997
245 2355
1852 1222
1378 112
2105 2067
2198 531
1216 1809
986 1733
2172 2414
543 309
1935 2147
558 838
1615 2209
1778 1762
2417 1032
2986 312
1801 1004
2608 479
818 2829
2500 1411
392 2912
1095 834
1156 1825
1969 2014
865 1469
289 1277
1239 2701
1794 1754
1980 1221
426 1223
1837 2749
25 2776
1190 2538
1918 2719
2717 147
2955 2028
778 1486
1292 244
983 1874
2354 1069
2625 1210
1993 1858
59 515
331 1910
383 635
2548 1877
28 2662
2154 411
1352 2647
2386 1246
2642 189
1714 2027
2969 1498
797 2306
2003 2214
1229 2746
182 958
1098 2394
2752 325
1761 1910
331 1839
2552 1048
432 2776
1309 1176
981 206
2715 1264
732 2499
1163 2262
606 1198
1367 2879
494 2591
2065 1986
1635 2748
352 1163
2081 1174
1572 1760
1880 1814
65 2623
174 2991
1483 187
994 975
423 899
96 2850
547 2137
1075 2207
624 228
1211 727
2845 2307
1378 938
1123 1741
1546 2625
1667 1667
1494 2583
1808 313
2786 1634
2320 2510
2337 2677
2548 2627
75 540
945 2423
207 814
1629 1147
1301 2567
384 880
412 1358
2096 350
1073 2950
22 1158
1769 2939
542 2
1950 1887
1997 2579
1136 950
667 2789
78 567
1305 1252
422 1930
2475 57
377 786
2708 2978
2916 2536
2014 2064
1376 17
502 1688
2898 2160
1516 1926
2752 2549
454 1039
1981 1156
2153 80
1095 61
507 989
2723 2928
1995 1777
2829 379
1625 222
2802 2476
826 897
953 1765
198 2391
1304 2263
2910 90
2852 2761
1362 1922
1317 441
1262 1837
2477 168
2372 1605
2046 2504
2267 2714
2290 1679
806 1060
2503 1357
1934 2416
1648 1780
2569 2924
1898 2890
2938 2323
220 863
418 1674
1944 178
1603 1325
1816 380
445 1431
1307 940
2319 1143
2600 2519
2901 534
1877 1061
867 2073
2706 2686
2317 956
2466 723
1108 906
1995 2467
761 2758
2050 2650
2536 1906
250 1243
2539 2828
34 2344
1705 2413
2261 712
1366 1515
2846 623
759 591
1572 1608
1936 2132
2068 2750
1140 2370
2942 918
2734 1808
1841 313
1818 2090
2435 387
324 2145
618 2301
1632 2142
1723 639
653 2214
1667 2003
37 2031
1977 268
2353 1693
2470 1446
1308 214
1628 818
84 1747
2151 414
1448 2486
2639 536
2422 535
90 2799
1077 1626
2575 2844
1857 2626
1742 608
2914 1656
2268 2976
719 2872
2200 1107
1565 2783
1256 1966
1415 2828
623 67
19 310
1495 1355
989 2125
2306 1453
288 2106
2365 2986
1308 815
2314 1398
1858 2220
601 2792
203 321
1499 180
1663 34
1090 572
2718 1062
1336 1450
288 2250
2514 2828
0 1
1 3
1 5
3 195
3 193
3 170
3 173
3 175
3 177
3 179
3 181
3 183
3 185
3 187
3 189
3 191
6 9
6 11
6 7
7 13
9 17
9 15
11 19
11 21
11 23
15 24
19 2723
24 27
27 33
27 35
27 37
27 39
27 41
27 43
27 45
27 47
27 49
27 51
27 29
27 31
29 1371
29 1373
29 1375
31 2377
31 1261
31 1429
33 2613
37 2938
37 2941
43 2936
43 1915
49 2553
49 3181
49 237
49 3183
52 53
53 57
53 59
53 55
57 2308
57 2311
57 2313
57 2315
57 2317
57 2319
57 2321
57 2323
57 351
57 979
57 2325
59 2550
60 65
60 67
60 69
60 71
60 73
60 75
60 61
60 63
60 77
63 81
63 79
65 97
65 99
65 101
65 103
65 105
65 107
65 83
65 85
65 87
65 89
65 91
65 93
65 95
71 109
71 111
81 2198
85 1871
97 3309
103 3349
105 1667
105 1675
105 1665
105 1673
105 203
105 1671
105 1677
105 1663
105 1021
105 1648
105 1681
105 1683
105 1685
105 1655
105 1657
105 1659
105 1679
105 413
105 1687
105 1661
112 113
113 115
113 117
113 119
113 121
113 123
113 125
113 127
117 2033
117 2029
117 1151
117 2031
119 2035
119 2037
119 2039
119 2041
119 2043
119 2045
121 2051
121 597
121 2049
121 2057
121 2047
121 2055
121 2061
121 2053
127 2063
128 129
129 131
129 133
129 135
133 2025
136 137
137 139
139 1472
139 1475
139 1477
139 713
139 1479
140 141
141 161
141 163
141 165
141 167
141 169
141 143
141 145
141 147
141 149
141 151
141 153
141 155
141 157
141 159
145 1427
151 2545
151 2547
151 2549
151 2542
151 255
155 2801
155 1827
155 2803
155 2735
155 2798
155 831
159 3264
161 2532
163 2949
163 3279
179 233
179 237
179 235
187 239
189 241
191 243
193 249
193 247
193 245
193 251
196 197
197 201
197 199
199 3221
199 3225
199 3223
199 1617
201 3350
202 203
203 209
203 211
203 213
203 217
203 219
203 205
203 207
209 2907
217 3356
217 3359
220 221
221 225
221 227
221 223
223 1461
223 1763
223 1765
223 1767
227 3001
227 3003
228 229
229 231
231 1479
231 2331
231 2333
231 2326
233 1169
233 1171
233 1173
233 1175
233 1165
233 1167
235 385
235 387
235 389
235 391
235 393
235 395
235 302
235 313
235 315
235 317
235 319
235 321
235 323
235 325
235 327
235 329
235 331
235 333
235 335
235 337
235 339
235 341
235 343
235 345
235 347
235 349
235 351
235 353
235 355
235 357
235 359
235 361
235 363
235 365
235 367
235 369
235 371
235 373
235 375
235 377
235 379
235 381
235 383
237 1185
237 1189
237 1191
237 1193
237 1195
237 889
237 1177
237 1179
237 1181
237 1183
239 1049
241 809
241 811
241 813
241 807
245 851
245 853
245 849
249 2731
252 253
252 255
253 257
255 263
255 259
255 265
255 267
255 269
270 271
271 289
271 291
271 293
271 295
271 297
271 299
271 301
271 273
271 275
271 277
271 279
271 281
271 283
271 285
271 287
275 513
275 515
275 517
275 519
275 521
275 523
275 525
275 464
275 467
275 469
275 471
275 473
275 475
275 477
275 479
275 481
275 483
275 485
275 487
275 489
275 491
275 493
275 495
275 497
275 499
275 501
275 503
275 505
275 507
275 509
275 511
281 1876
281 1879
302 305
302 309
302 303
305 311
313 697
313 699
313 701
319 2351
321 2561
325 2725
331 2089
331 2091
331 2086
335 2965
349 3199
351 641
351 643
351 532
351 535
351 537
351 539
351 541
351 415
351 545
351 547
351 549
351 551
351 553
351 555
351 557
351 413
351 561
351 563
351 565
351 543
351 569
351 571
351 573
351 575
351 577
351 579
351 581
351 583
351 587
351 589
351 591
351 593
351 595
351 597
351 599
351 601
351 603
351 605
351 607
351 609
351 611
351 613
351 615
351 617
351 619
351 621
351 623
351 625
351 627
351 629
351 631
351 633
351 635
351 637
351 559
351 639
353 1094
355 1745
355 1083
355 1955
359 2706
363 2556
369 1757
371 2648
371 2653
371 2655
373 1420
373 1423
377 3363
387 3310
395 2265
395 2260
395 2263
396 397
396 399
397 401
399 403
403 835
403 1267
403 1271
404 405
405 409
405 411
405 413
405 407
413 1056
413 1059
413 1061
413 1067
413 1069
413 1071
413 1073
413 1075
413 1065
413 1081
413 1077
413 1079
414 415
415 417
415 435
415 419
415 421
415 423
415 425
415 427
415 429
415 431
415 433
415 449
415 451
415 439
415 441
415 447
415 443
415 445
415 453
417 1217
417 1141
417 1207
417 1209
417 1213
417 1215
427 2815
429 2616
429 2619
429 2605
433 2067
433 2081
433 515
433 2079
433 1353
433 2064
433 2083
433 2069
433 2071
433 2073
433 2075
433 2077
443 2704
445 2387
451 3376
454 455
455 457
455 459
459 1283
459 2420
459 2423
459 2427
459 2429
459 1629
459 2431
460 461
461 463
463 2193
469 1739
479 1247
491 1845
493 1849
493 1847
499 1851
499 1853
515 1571
515 1573
515 1575
515 1577
515 1579
515 1581
515 1583
515 1558
515 1561
515 1563
515 1565
515 1567
517 1857
517 1855
519 1298
521 993
521 995
521 835
521 997
521 999
521 1001
521 1003
521 1005
521 1007
521 1009
521 1013
521 982
521 985
521 987
521 1011
521 991
526 527
527 529
527 531
531 1179
531 1301
545 1543
549 2177
549 2179
549 2181
549 2167
549 2169
549 2171
549 2183
549 2173
549 2175
575 3073
575 3077
575 3079
575 1055
575 3081
575 767
575 3071
593 1897
593 1894
597 2942
603 3231
621 3057
621 3059
621 2877
621 3050
621 3053
621 1693
623 2084
629 2537
633 1796
633 1799
633 1801
633 1803
633 1805
633 1807
633 1809
633 1811
633 1813
633 1815
633 1817
635 3233
635 3235
635 3237
635 3239
639 651
639 716
639 719
639 721
639 723
639 725
639 727
639 729
639 731
639 733
639 735
639 739
639 741
639 743
639 745
639 747
639 749
639 751
639 753
639 755
639 757
639 759
639 761
644 645
644 647
645 649
647 651
647 653
651 2593
651 2595
651 2591
651 1691
654 655
655 673
655 675
655 677
655 679
655 681
655 683
655 685
655 687
655 657
655 691
655 659
655 661
655 663
655 665
655 667
655 669
655 689
655 671
659 1413
661 1505
661 1507
661 1509
661 1511
661 1513
661 1515
661 1517
661 1519
661 1521
661 1523
661 1525
661 1503
661 1527
661 1529
661 1533
661 1531
665 2097
665 2099
667 2101
669 1937
669 1932
669 1935
671 1646
679 2103
683 2113
683 1989
683 2119
683 2121
683 2125
683 2127
683 2111
683 2105
683 2107
683 2109
683 2117
683 831
685 2129
685 2131
689 2133
692 693
693 695
695 1242
695 1247
702 705
702 707
702 703
703 709
703 711
705 713
705 715
709 1258
713 2851
713 2849
713 2844
713 2847
715 2496
715 2499
715 2501
715 2503
715 2505
715 2507
715 2509
719 1105
719 1107
719 1109
719 1111
719 1113
731 2865
731 2867
739 2400
739 2417
739 2301
739 2405
739 2407
739 2409
739 2411
739 2413
739 2415
747 2812
761 3106
762 769
762 771
762 773
762 775
762 763
762 765
762 767
763 777
763 779
763 781
765 783
767 785
767 789
769 801
769 791
769 793
769 795
769 797
769 799
773 803
773 805
785 2375
791 2491
793 2783
797 836
797 839
797 841
797 843
797 845
797 847
801 2787
801 2785
807 819
807 815
807 817
809 821
811 823
817 2379
819 3161
824 825
825 827
825 829
825 831
831 2147
831 1353
831 2153
831 2151
831 2155
831 2149
831 2157
832 833
833 835
835 1283
835 1285
835 1287
835 1291
835 1281
835 1293
835 1295
835 1297
835 1289
835 859
835 1277
835 1279
845 3284
845 2517
845 1479
845 3289
845 3291
845 3293
851 855
853 857
858 859
859 865
859 869
859 871
859 867
859 873
859 875
859 861
859 863
863 1553
863 1555
863 1557
863 1544
863 1551
878 879
879 881
879 883
879 885
879 887
883 2321
883 2915
883 1749
883 2913
883 2909
888 889
889 897
889 899
889 901
889 903
889 905
889 907
889 909
889 911
889 913
889 915
889 917
889 919
889 921
889 923
889 925
889 927
889 931
889 933
889 935
889 937
889 891
889 893
889 895
893 1015
895 1045
895 1047
903 1967
903 1971
903 1973
903 1969
907 2200
907 1091
909 2935
919 3165
919 3245
923 1867
923 1869
923 1862
925 3116
927 2883
935 3275
938 945
938 947
938 949
938 951
938 939
938 941
938 943
939 953
941 955
943 961
943 963
943 965
943 967
943 969
943 957
943 959
945 971
947 973
959 3179
965 2753
965 2755
965 1525
965 2751
965 2748
969 3184
969 1313
969 3187
969 3189
969 3191
969 3193
974 975
975 977
975 979
975 981
977 1251
977 1253
979 1489
979 1491
979 1493
979 1495
979 1497
979 1487
979 1482
991 2945
993 1248
1001 3334
1009 1424
1013 3340
1013 3343
1015 1017
1018 1019
1019 1021
1021 2393
1022 1025
1022 1027
1022 1023
1023 1029
1025 1041
1025 1043
1025 1031
1025 1033
1025 1035
1025 1037
1025 1039
1029 2353
1031 1318
1031 1321
1031 1323
1031 1325
1031 1327
1031 1329
1031 1331
1031 1333
1031 1335
1031 1337
1031 1339
1031 1341
1033 1603
1033 1605
1033 1601
1033 1609
1033 1611
1033 1613
1033 1617
1033 1619
1033 1621
1033 1623
1033 1625
1033 1313
1033 1607
1033 1584
1033 1163
1033 1589
1033 1591
1033 1593
1033 1595
1033 1597
1033 1599
1039 2687
1041 1417
1041 1305
1041 1414
1043 2671
1049 3122
1049 3125
1050 1051
1050 1053
1051 1055
1067 2273
1067 2266
1067 2269
1067 2271
1071 2976
1077 1889
1077 1887
1077 1880
1077 1883
1077 1885
1082 1083
1082 1085
1083 1089
1089 2277
1089 2279
1090 1091
1096 1097
1097 1099
1097 1101
1097 1103
1099 2138
1103 1429
1105 1121
1105 1123
1105 1125
1105 1127
1105 1129
1105 1131
1105 1133
1105 1135
1105 1115
1105 1117
1105 1119
1117 1837
1117 1839
1125 2441
1125 2439
1125 2437
1133 2443
1135 1992
1135 2019
1135 2021
1136 1137
1137 1139
1137 1141
1137 1143
1137 1145
1137 1147
1141 1219
1141 1221
1141 1223
1141 1225
1141 1227
1141 1229
1141 1231
1141 1233
1141 1235
1141 1237
1148 1149
1149 1151
1151 2137
1151 2135
1152 1153
1153 1155
1153 1157
1157 3004
1157 2285
1158 1159
1159 1161
1159 1163
1163 2641
1163 2643
1163 2645
1163 2647
1163 2638
1165 1719
1165 1710
1165 1721
1173 1729
1173 1731
1173 1722
1173 1725
1173 1727
1179 1203
1179 1199
1179 1196
1179 1205
1181 1498
1181 1501
1189 3025
1189 3027
1189 3023
1189 2921
1189 3019
1189 3021
1191 3361
1195 2344
1195 2347
1203 2863
1205 1345
1205 1347
1205 1349
1205 1342
1215 1239
1217 1241
1221 2335
1229 1893
1229 2339
1229 2341
1233 2232
1233 2241
1233 2237
1233 2239
1235 2343
1242 1243
1251 1255
1251 1257
1260 1261
1261 1265
1267 1273
1267 1275
1273 2399
1283 2483
1283 2478
1285 2919
1302 1303
1303 1305
1306 1307
1307 1313
1307 1315
1307 1317
1307 1309
1307 1311
1311 2833
1311 2371
1311 2835
1311 2837
1313 1409
1313 1411
1313 1384
1313 1387
1313 1389
1313 1391
1313 1393
1313 1395
1313 1397
1313 1399
1313 1403
1313 1407
1315 2841
1315 2839
1317 2843
1323 2625
1323 2207
1323 2621
1323 2623
1329 1445
1329 3175
1329 3177
1329 1787
1329 2159
1335 3168
1335 3171
1339 2978
1339 2981
1339 2983
1347 1930
1349 3282
1350 1353
1350 1351
1353 1361
1353 1359
1353 1363
1353 1369
1353 1355
1353 1367
1359 1378
1359 1381
1359 1383
1361 2141
1361 2143
1375 1377
1393 2656
1393 2663
1393 2665
1395 2886
1397 3127
1409 3016
1411 1459
1411 1452
1411 1455
1411 1457
1417 2804
1417 2807
1428 1429
1429 1435
1429 1431
1431 1858
1431 1861
1438 1441
1438 1439
1439 1443
1439 1445
1439 1447
1439 1449
1439 1451
1445 1788
1445 1793
1449 2449
1449 2451
1449 2453
1449 2455
1449 2095
1449 2446
1457 2477
1460 1461
1461 1465
1461 1467
1461 1469
1461 1471
1465 2461
1465 2459
1465 2463
1469 2162
1469 2165
1493 3373
1495 3346
1501 2984
1503 1535
1511 1537
1525 1539
1544 1545
1545 1549
1561 1700
1561 1703
1561 1705
1561 1707
1561 1709
1563 2631
1565 2818
1571 3109
1575 3113
1575 3115
1575 3111
1577 3046
1584 1585
1589 1645
1591 1795
1593 1765
1593 2281
1593 2283
1593 2285
1593 2287
1609 1818
1609 1821
1611 3088
1621 3365
1626 1627
1626 1629
1629 1633
1629 1635
1629 1639
1629 1641
1629 1643
1629 1631
1633 2485
1648 1653
1648 1649
1659 2987
1688 1689
1689 1691
1691 2575
1691 2197
1691 2577
1692 1693
1693 1699
1693 1695
1695 3211
1695 1959
1699 3262
1710 1713
1710 1711
1713 1717
1717 2988
1717 2991
1727 1754
1732 1733
1733 1737
1733 1735
1737 1757
1739 1741
1742 1743
1743 1745
1745 2897
1745 2889
1745 2891
1745 2893
1745 2895
1746 1747
1746 1749
1749 1753
1756 1757
1763 1769
1765 1777
1765 1773
1765 1775
1775 3259
1778 1779
1778 1781
1779 1785
1779 1787
1779 1783
1787 3034
1787 3045
1787 3043
1809 3092
1809 2359
1811 3139
1811 3137
1817 3316
1822 1825
1822 1827
1822 1823
1823 1829
1823 1831
1827 1833
1839 1841
1849 3028
1862 1863
1872 1873
1873 1875
1875 2185
1883 2933
1885 3061
1887 2681
1887 2683
1887 2678
1887 2685
1890 1891
1891 1893
1893 2253
1893 2690
1893 2693
1898 1905
1898 1907
1898 1909
1898 1911
1898 1913
1898 1899
1898 1901
1898 1915
1898 1903
1911 1921
1911 1917
1911 1919
1915 1929
1915 1923
1915 1927
1919 2636
1921 2992
1921 2995
1923 2676
1929 2953
1938 1939
1938 1941
1938 1943
1939 1953
1939 1955
1939 1945
1939 1947
1939 1949
1939 1951
1943 1957
1949 2223
1955 2225
1955 2229
1955 2231
1958 1959
1959 1961
1959 1965
1965 3267
1974 1975
1975 1985
1975 1987
1975 1989
1975 1991
1975 1977
1975 1979
1975 1981
1975 1983
1989 2305
1989 2307
1992 1993
1993 2017
1993 1997
1993 1999
1993 2001
1993 2003
1993 2005
1993 2007
1993 2009
1993 2011
1993 2013
1993 2015
1999 2689
2007 3013
2007 3006
2007 3015
2017 3271
2017 3268
2017 3273
2022 2023
2023 2025
2025 2785
2025 2797
2025 2793
2029 3305
2029 3307
2035 2601
2035 2355
2035 2597
2035 2599
2037 2712
2037 2719
2039 3241
2039 3243
2051 3339
2053 2632
2053 2635
2067 2349
2092 2093
2093 2095
2095 2961
2095 2243
2095 2855
2095 2955
2095 2959
2113 2975
2125 2528
2129 2675
2155 3352
2155 3355
2158 2159
2165 2569
2165 2562
2165 2571
2165 2573
2179 2185
2185 2257
2185 2259
2186 2187
2187 2189
2187 2191
2189 3173
2191 2852
2191 2855
2191 2857
2191 2859
2191 2861
2192 2193
2193 2197
2197 2583
2197 2585
2197 2587
2197 2589
2200 2201
2201 2205
2206 2207
2207 2211
2207 2213
2207 2215
2207 2217
2207 2219
2207 2221
2232 2233
2242 2243
2243 2249
2243 2245
2249 2963
2250 2251
2251 2253
2253 2696
2253 2699
2253 2701
2253 2703
2257 2395
2273 2614
2281 2289
2285 2291
2285 2295
2285 2297
2287 2299
2289 2771
2289 2773
2291 3133
2295 3135
2300 2301
2305 2511
2321 2917
2325 2823
2325 2820
2325 2825
2325 2827
2325 2829
2325 2831
2333 3248
2347 2929
2347 2931
2347 2926
2354 2355
2358 2359
2359 2369
2359 2361
2359 2365
2359 2367
2370 2371
2378 2379
2379 2381
2384 2385
2385 2387
2385 2389
2385 2391
2387 2627
2389 2869
2395 2397
2400 2403
2403 2419
2409 3195
2413 3197
2423 2445
2427 2432
2427 2435
2431 2518
2431 2521
2431 2523
2431 2525
2431 2527
2443 3141
2453 3257
2459 2465
2463 2473
2463 2467
2463 2469
2463 2471
2463 2475
2471 3097
2471 3099
2471 3094
2478 2479
2485 2487
2488 2489
2488 2491
2491 2495
2505 3371
2505 3366
2512 2513
2512 2515
2513 2517
2517 3298
2525 3333
2528 2529
2534 2537
2534 2535
2537 2541
2547 3033
2552 2553
2556 2557
2562 2563
2563 2567
2583 2733
2589 2708
2589 2711
2591 2761
2591 2757
2591 2763
2591 2759
2601 2603
2604 2605
2605 2609
2605 2611
2611 3345
2648 2649
2656 2661
2656 2657
2661 2667
2665 3103
2665 3101
2665 3105
2668 2669
2668 2671
2699 3277
2703 3296
2712 2713
2712 2717
2717 2721
2719 3129
2725 2729
2725 2727
2734 2735
2735 2739
2735 2741
2735 2743
2735 2745
2735 2747
2751 3255
2761 2769
2761 2765
2761 2767
2767 2811
2767 2809
2773 2775
2773 2777
2778 2779
2779 2781
2781 3159
2785 2789
2809 2871
2815 2817
2829 3314
2831 3280
2841 3375
2843 3067
2872 2873
2873 2881
2873 2875
2873 2877
2873 2879
2877 3331
2877 3329
2882 2883
2897 2899
2900 2901
2900 2903
2901 2905
2901 2907
2905 3145
2905 3143
2907 2999
2917 3154
2917 3157
2920 2921
2921 2925
2946 2947
2946 2949
2965 2969
2965 2971
2965 2973
2965 2967
2969 3131
3006 3009
3006 3011
3021 3048
3025 3303
3028 3029
3034 3037
3034 3035
3060 3061
3061 3063
3067 3069
3073 3083
3073 3085
3081 3087
3088 3091
3115 3153
3116 3119
3119 3121
3133 3322
3143 3147
3143 3149
3145 3151
3151 3205
3159 3161
3164 3165
3181 3209
3181 3207
3187 3325
3187 3337
3200 3201
3201 3203
3201 3205
3205 3217
3205 3212
3212 3213
3225 3229
3235 3321
3244 3245
3248 3251
3255 3261
3259 3301
3284 3285
3310 3311
3316 3317
3324 3325
3366 3369
