1690
2776 4626
2773 4603
2808 4456
2765 4630
1923 4003
1854 4066
2064 3861
1796 4130
1859 4066
2266 3654
2063 3853
1777 4164
1792 4145
1806 4126
2442 3465
2665 3182
2621 3295
2374 3391
2636 3311
2683 3213
2684 3247
2693 3232
2661 3226
2721 2694
2651 3235
2664 3163
2989 3554
2684 3211
3553 1855
3495 1921
3538 1855
3344 2053
3586 1815
766 2182
753 2184
680 2130
1074 2285
745 2162
741 2173
689 2154
757 2159
756 2174
769 2165
613 2101
601 2098
1024 2256
963 2274
1018 2248
1007 2293
1013 2232
984 2287
990 2256
987 2267
991 2245
996 2287
983 2242
1464 2393
1003 2243
615 2148
615 2131
1691 2798
1711 2803
1715 2769
1608 2801
1349 2843
2134 2717
1705 2811
1707 2784
1713 2818
1620 374
1660 425
1634 364
1707 497
1647 360
1813 322
1838 328
1823 405
2147 4458
2155 4464
2136 4456
2150 4477
2175 4475
2182 4473
1865 4611
2174 4468
2578 4236
2123 4474
2124 4486
2161 4444
2072 4516
2142 4468
2174 4473
2158 4457
2802 4529
2799 4543
2769 4530
2787 4522
3184 3988
2810 4539
2763 4515
2772 4541
2737 4671
2398 4712
2784 4577
2684 4730
2787 4544
4615 2745
4602 2755
4449 2866
4647 2713
1089 2508
1141 2526
1056 2524
1067 2549
869 2664
1072 2503
1075 2519
1078 2553
1061 2535
3610 1280
3613 1346
3645 1519
3622 1258
3611 1196
1533 413
1552 469
1584 467
3212 4368
3467 3330
3286 3905
2703 4791
2048 4910
2785 4600
2612 4862
2678 4748
2666 4782
2688 4754
1503 4781
1392 4833
1613 4745
1365 4827
1616 4743
1588 4745
1580 4748
1600 4738
1591 4757
2318 1935
2335 1967
2337 1969
2580 2240
2302 1965
2332 1977
2257 1875
2314 1944
2316 1973
2320 1949
2302 1955
2333 1959
2344 1948
2335 1948
2316 1960
2347 1965
2304 1946
3624 3361
3660 3392
3721 3407
3661 3405
3791 3415
3584 3409
3476 3297
3450 3306
3535 3370
3535 3319
3507 3304
3622 3304
3509 3277
3452 3313
3578 3320
3501 3348
3667 3377
3514 3287
3499 3289
3476 3327
3501 3279
3468 3320
3489 3354
3522 3341
2946 2631
3567 3287
3989 3335
3517 3276
3535 3352
3475 3327
3588 3332
3493 3341
3462 3308
3719 3375
3640 3330
3590 3275
3501 3331
3562 3276
3495 3352
3475 3310
3480 3345
3490 3317
3579 3363
3508 3299
3442 3310
3446 3302
3619 3279
3918 2583
3931 2612
3829 2511
3974 2625
3763 2417
2023 2412
2043 2414
2031 2403
2045 2403
2043 2418
2206 2495
2627 2730
2632 2744
2329 2838
2600 2708
2619 2748
2608 2739
2608 2724
2602 2626
2649 2513
2625 2729
2599 2952
2669 2724
2645 2726
2610 2725
2597 2668
2714 2894
2627 2703
2610 2685
2629 2628
2594 2706
4491 2164
4495 2165
4508 2171
4384 2190
2449 4825
2441 4804
2435 4684
2591 2215
2576 2192
2470 2115
2549 2236
2515 2181
2599 2185
2533 2214
2304 2183
2533 2172
2517 2204
2593 2180
2552 2169
2533 2236
2477 2168
2486 2083
2529 2185
2504 2193
2527 2154
2585 2199
2519 2229
2575 2183
2559 2177
2508 2222
2553 2210
2557 2188
2470 2587
2583 2177
2498 2162
3075 2243
2502 2207
2571 2177
3915 3974
3892 3978
3904 3973
3753 3969
2902 2653
2978 2638
2991 2631
2911 2684
2971 2627
2911 2631
3005 2669
2925 2625
3092 2441
2957 2679
2944 2604
2926 2675
2944 2624
2962 2678
2959 2688
2931 2704
2966 2668
2937 2716
2951 2718
2894 2630
2729 2210
2965 2714
2958 2639
2955 2614
2917 2626
2914 2654
2979 2613
2963 2671
3020 2657
2902 2640
2545 2684
2945 2652
2957 2703
2996 2739
2986 2646
2961 2622
2924 2694
2918 2645
2950 2672
2968 2610
2966 2656
2959 2708
3307 2431
3010 2731
2982 2623
2897 2639
3055 2503
2940 2658
3196 2522
2999 2528
2988 2621
2531 3134
2968 2689
2948 2639
2300 3969
2252 4076
2331 3878
2248 4089
2414 3679
2319 3886
3864 4386
3900 4376
3887 4397
3871 4390
4159 4369
3917 4376
3975 4402
3973 4388
3958 4412
3923 4394
3884 4372
3913 4366
3896 4368
3901 4392
3883 4363
3449 4224
4006 4409
3930 4375
3923 4386
3901 4384
1781 2179
1857 2189
1919 2179
3623 3473
3622 3461
3639 3469
2099 169
2098 157
2092 219
2093 179
2085 83
2083 105
1983 289
2212 106
2531 3162
2202 2909
2551 3136
2513 3095
2534 3109
2553 3125
2549 3150
2517 3132
2541 3095
2519 3155
2394 3246
2513 3117
2532 3147
2540 3116
2504 3093
2539 3103
2521 3143
2527 3123
2552 3113
2544 3163
2526 3107
2500 3201
2240 1310
2194 1141
2202 1200
2485 1731
2008 965
2225 1242
2161 1175
2209 1233
2187 1127
2196 1119
2202 1129
2202 1187
2491 1723
2496 1712
1922 840
1991 933
2016 965
1886 806
2009 970
1944 862
2160 1150
2155 1160
1704 5090
1960 4984
1974 4994
2005 4972
1694 5102
1610 5144
1480 5182
1947 4996
1963 5006
2888 4048
2934 4007
2877 3995
2901 4040
2947 3978
3637 2316
3645 2313
3553 2296
1864 762
1830 748
1837 766
1844 772
1784 655
1826 766
2586 4937
2553 4964
2568 4970
2544 4978
2561 4987
3697 2271
3652 2280
3713 2270
3737 2275
3696 2255
3688 2256
3727 2289
3718 2296
3691 2237
3690 2246
4068 1342
3998 1394
4063 1351
3842 1507
4061 1329
4047 1338
3342 4315
3339 4291
3320 4300
3321 4367
3348 4348
3326 4291
3310 4309
3317 4320
3336 4404
3358 4301
3377 4390
3327 4316
3318 4267
3326 4264
3308 4295
3354 4284
3353 4452
3337 4277
3377 4453
3364 4314
3385 4373
3336 4303
3309 4281
3347 4293
3323 4279
3969 4071
3986 4124
3973 4088
3922 3937
4000 4120
3996 4102
3969 4053
3984 4070
4013 4190
4009 4148
3965 3974
3937 4000
3958 3967
3964 3960
4019 4092
3950 4002
3859 3832
4046 4179
4047 4147
3694 1474
3676 1492
3737 1382
3553 1724
3684 1480
3073 2220
3047 2207
3060 2219
3069 2203
3049 2209
3067 2215
3066 2214
3061 2243
3052 2203
3119 2234
3047 2204
3026 2192
3021 2217
3032 2207
3053 2183
3294 4481
3303 4491
1187 2323
1206 2305
1322 2349
4613 3451
4741 3494
4416 3369
4615 3459
4877 3537
4711 3618
4099 3165
4484 3393
4477 3392
4477 3381
4623 3422
4544 3428
3366 4423
3345 4425
2663 4930
2694 1752
2707 1881
2692 1733
2717 1997
2150 2501
2193 2508
2200 2498
2191 2445
2024 2368
2162 2437
2118 2428
2147 2464
2184 2436
1956 2268
2140 2457
2153 2485
4304 3335
4197 3351
4370 3339
4336 3332
3402 4467
3399 4457
3595 3297
1785 3710
1847 3680
1763 3713
1776 3698
1938 3639
1805 2683
2127 2922
2127 2900
2141 2937
2141 2918
1794 2667
1713 2628
1801 2699
1786 2675
1810 2679
1684 2676
1780 2684
1787 2694
1814 2690
1729 2655
1569 2492
1811 3051
1878 3015
1831 3053
1987 2980
1826 3063
1808 3024
1817 3041
1328 2827
1381 2830
1433 2825
4155 2495
4140 2508
4156 2465
4069 2522
4392 3036
4318 3071
4399 3053
4225 3103
3232 4698
3185 4432
3200 4455
3207 4448
3217 4535
3185 4445
3294 3940
3626 3971
3318 4000
3286 3937
3306 3937
3490 4075
3291 3952
3286 3953
3372 4042
3604 3966
3613 3968
3651 3974
3807 3948
2277 2844
2270 2866
2264 2841
2253 2863
2259 2891
1992 2983
2000 2975
1994 2978
1987 2983
1986 2990
1779 3061
1977 2985
1816 3077
1977 2970
1988 2968
2231 2839
2212 2877
1861 2177
1788 2154
2118 2194
3047 2147
3798 1259
3773 1313
3808 1248
3803 1240
2083 74
2261 3470
2323 3435
2270 3469
3821 2467
3753 2411
3895 2490
3866 2457
3596 2282
3576 2258
3584 2256
3996 2252
3669 2327
3582 2284
3608 2295
3591 2266
3589 2281
3597 2312
3589 2295
2489 2156
3785 4001
4878 3483
4867 3481
4743 3453
3601 3865
3627 3840
3603 3854
3500 3950
3833 3584
3522 3930
3499 3936
4723 3630
4709 3642
4830 3749
4718 3619
4707 3630
4901 3673
4714 3590
4710 3605
4779 3706
4719 3608
4762 3667
4718 3642
3840 3981
3871 3960
3935 3950
3927 3944
2716 3495
2727 3510
2765 3477
2742 3465
2718 3519
2751 3498
2731 3483
2749 3473
2765 3489
2580 3362
2611 3356
2546 3424
2531 3441
2745 3560
2738 3559
2698 3558
3864 3616
3840 3640
3846 3617
3865 3604
3688 3704
3823 3679
3828 3664
3870 3610
3864 3645
3877 3632
3812 3667
3783 3744
3894 4445
4618 3416
4709 3439
3643 3284
3636 3271
3004 2185
2120 4525
2073 3552
2134 3530
2001 3611
2088 3561
4983 3030
4919 3006
5002 3008
4964 3030
4937 3382
4954 3020
4924 2669
4960 3022
3777 3752
3763 3759
3747 3792
3770 3744
3466 1093
3474 1172
3347 876
3468 1116
3412 991
3458 1107
1854 369
1836 348
1816 353
1748 519
3605 1650
3599 1662
3586 1651
3590 1638
3610 1592
3631 1611
3570 1645
3306 3984
3318 4007
4283 4397
4206 4397
4193 4420
4164 4404
4286 4421
4253 4402
4228 4399
4240 4403
4225 4417
4245 4386
4234 4418
4099 4234
4230 4382
4215 4428
4211 4418
4244 4408
4312 4400
4316 4426
4114 4237
3076 2674
3769 2274
3848 2250
3860 2242
3735 2274
3736 2284
3741 2262
3732 2282
2397 2580
2292 2504
2352 2578
2398 2552
2441 2566
2425 2552
2421 2582
2277 2564
2400 2536
2433 2542
2435 2584
2443 2550
4121 3143
4190 3151
4094 3167
4148 3135
3936 2563
4074 3126
4063 3153
4112 3149
4090 3132
4093 3139
4110 3123
4132 3137
4107 3166
4141 3116
4059 3180
4280 2996
4109 3115
4138 3132
4102 3150
4097 3119
4719 2093
4734 2089
4611 2133
4655 2091
4775 2086
4682 2096
4682 2110
4693 2110
4674 2083
4129 3207
3963 4449
1435 2389
1364 2376
1361 2359
1451 2379
1476 2381
1404 2380
1457 2417
1451 2410
1433 2402
1442 2416
1455 2388
1462 2383
1470 2397
1444 2404
1471 2373
1444 2376
1479 2398
1455 2371
1447 2391
2333 4216
2366 4147
2384 4088
3616 2280
3567 2284
3777 2217
3657 2262
2268 2511
2314 2507
2280 2512
2275 2495
2302 2512
3250 4897
3259 4979
3265 5092
3271 5175
3242 4724
3233 4726
3213 4622
3226 4612
3225 4640
3204 4608
3207 4587
4341 3566
4267 3546
4350 3564
4120 3493
2430 2080
2386 2041
4388 3372
4328 3362
4228 3368
4061 1316
4081 1304
3973 1404
4018 1341
3225 4650
3995 3453
3935 3455
3616 1449
3790 2034
3626 1501
3614 1372
3828 1989
3816 1903
3820 1983
5084 4227
5036 4117
5083 4266
5077 4185
5083 4179
5010 3956
4954 3362
4954 3375
4195 3173
3227 2499
3250 2502
3267 2478
3265 2496
3261 2461
3249 2521
3293 2412
3296 2550
3277 2488
3272 2507
3298 2443
4154 3188
4159 3207
2370 4665
2306 4780
2339 4686
2476 4430
2271 4860
2283 4862
2423 4476
1646 2592
1611 2576
1600 2571
2462 2163
2487 2090
2437 1993
2530 2155
2520 2148
2576 2156
2584 2164
1980 3617
1994 3616
3407 4598
3416 4626
3390 4545
3392 4534
950 2272
3317 1783
3301 1854
3288 1897
2203 1792
2201 1809
1960 2258
1936 2234
1864 2177
1883 2184
1948 2261
1446 3209
1492 3174
1511 3177
3084 2675
3104 2661
2807 1846
2809 1769
2806 1756
2831 1765
2831 1756
2794 1751
2817 1747
2844 1585
2789 1766
2754 2195
2856 1563
2862 1521
2873 1489
2787 2113
2785 2173
2771 2110
3970 3931
4013 4468
3998 4464
3985 4461
4847 3397
4662 3377
4921 3397
4967 3399
4724 3377
4726 3386
4782 3386
4732 3393
4737 3382
4351 3374
5041 3407
3949 2146
3944 2149
3962 2147
3987 2141
3323 4494
3341 4486
3331 4505
3325 4460
3829 4701
3781 4625
3830 4709
3818 4694
3788 4678
3845 4695
3800 4691
3837 4689
3651 4464
3812 4706
1308 2284
1130 2137
1073 2123
1073 2097
1081 2080
1111 2086
1092 2083
1057 2108
1102 2073
1088 2099
1097 2111
1078 2133
975 2020
1514 2482
1505 2465
1772 576
1770 568
1816 652
1557 2814
1557 2838
1554 2806
1104 2904
1063 2846
1197 2846
1276 2865
1280 2879
1270 2855
2125 2745
2119 2721
2135 2742
2104 2732
2103 2716
2122 2714
2112 2721
1709 2799
2590 2975
2593 2984
2596 3000
2582 2977
2599 2994
2588 2954
2611 2972
2601 2988
2596 3004
2600 2976
3068 2737
3612 3337
3614 3350
3613 3366
5012 2244
4967 2275
4962 2295
4040 4451
4029 4446
4051 4424
3925 4447
3507 4267
3461 4284
3461 4291
3450 4269
3523 4304
3501 4249
3480 4280
3454 4272
3540 4322
3496 4287
4103 4463
4074 4458
3954 4435
1441 2826
1433 2834
1755 3712
2770 3560
2735 3556
2955 3987
2977 4000
2969 3979
2959 3972
2922 4024
2964 3996
4976 3781
4966 3763
3410 996
3377 898
3147 2403
3112 2375
3154 2385
3140 2381
3121 2409
3100 2395
3183 2223
3129 2369
3147 2373
3247 2031
5059 1584
5026 1650
5060 1540
5026 1787
2417 4605
2415 4585
2401 4367
587 2093
3412 4498
3451 4618
3455 4630
4975 3857
4921 3847
4989 3894
4962 3898
4977 3869
5002 3898
4985 3875
4976 3908
4856 3378
4410 3365
4412 3392
4424 3359
1694 3135
1674 3142
1738 3132
1755 3114
1734 3116
5017 2162
4967 2194
5004 2135
4998 2111
1176 3311
1209 3297
1342 3241
3289 1872
3248 1972
3663 3302
3664 3288
3659 3291
2014 2350
1999 2357
2018 2362
1974 2342
4401 3332
4404 3340
3981 2559
3960 2585
4046 2555
3952 2569
3995 2539
4087 2555
4034 2539
4038 2551
4002 2534
2357 3337
2397 3273
3684 4498
3639 4470
3392 2030
3392 2044
3382 2023
3396 2020
3379 2035
3404 2030
3623 1772
3372 2050
3491 1881
1602 469
1576 466
1518 454
1937 2945
1727 3090
1723 3062
1913 2992
3348 4033
3409 4087
2536 2989
3571 3432
4896 3546
962 2927
1040 2918
3420 2268
3365 2316
3414 2285
3374 2260
3413 2244
3395 2248
3386 4074
3435 4031
2472 1657
2384 3389
1489 5218
1502 5217
1487 5227
2842 3198
2833 3166
2790 3086
2862 3247
2860 3207
1250 2331
3306 1818
3322 1748
3887 2481
2352 3282
2291 3328
2383 3247
2408 3233
2382 3275
2381 3237
2370 3255
2404 3233
2402 3254
2275 3339
4422 2164
4514 2153
4522 2149
4438 2178
4633 2146
4524 2150
4546 2144
1617 2679
1599 2657
1599 2675
1624 2621
4550 2158
4954 2638
4957 2649
4965 2672
4960 2637
4967 2648
3292 809
3316 850
3229 696
3271 736
3229 645
3201 619
3160 545
3206 631
3214 618
3744 3853
4019 2247
4068 2227
3980 2237
4839 2076
4913 2049
1805 664
1757 604
1839 697
1840 706
2192 105
2211 106
2192 107
2183 109
2267 66
2194 108
2179 109
3722 4560
1685 611
1679 614
1637 562
1740 640
4668 2165
4661 2155
4671 2155
4721 2151
4657 2167
3568 4350
3590 4406
2132 4501
3196 2307
3238 2244
3163 2354
3168 2350
1803 4663
1791 4651
1755 4673
1807 4638
3625 1803
2943 3582
2972 3539
3668 3369
3728 3363
3554 3340
3352 745
3345 684
3347 607
3388 835
3378 831
3364 834
2377 4097
2378 4080
2385 4483
2385 4439
2367 4431
2396 4515
2285 3965
2381 3746
2365 3733
1086 2918
1079 2908
1041 2933
963 2958
2672 2344
2672 2403
2664 2338
2683 2293
2628 3331
1906 2313
2641 2514
2650 2503
4827 3743
4837 3754
4829 3742
2790 3063
2346 2583
2088 2730
2073 2718
2875 1445
4236 3093
4228 3117
4226 3107
4239 3102
4237 3111
3742 3369
3818 3374
3683 3357
3686 3346
3582 3743
3556 3785
3518 3795
3667 3712
3609 3735
3475 3809
4717 3498
4725 3501
4619 3462
4116 4475
2794 2029
1831 2122
1825 2139
1845 2114
1849 2130
4489 3383
1072 2093
1505 3171
1502 3183
1267 3264
1248 3290
1281 3279
1233 3269
2603 2676
3568 3400
2402 4538
2393 4533
910 2880
827 2880
798 2885
994 2877
765 2921
1721 4196
3727 3326
3790 3311
3795 3301
2641 4859
2385 4498
2494 4312
2486 4316
2484 4326
2496 4321
2476 4320
2503 4313
2469 4313
4041 4096
4042 4109
4028 4080
4033 4090
2274 3963
2277 3981
2225 4139
2267 3972
2186 4207
2169 4302
2174 4191
4052 2563
4059 2522
4062 2514
4073 2520
717 5504
791 5467
916 5413
1990 874
1872 747
1927 815
1881 747
1795 585
1804 603
2558 4284
2547 4269
2545 4283
4782 3461
4789 3444
2161 4355
2163 4310
2459 3108
2589 2598
2595 2537
2406 2554
3511 1830
3542 1816
3526 1809
3511 1817
3548 1779
3568 1782
3473 3998
3479 3989
3486 4004
3511 3984
3461 4015
3409 4043
1967 287
1947 281
1949 266
1973 293
5028 1765
4975 2042
5027 1752
5018 1760
5017 1748
3686 4006
2467 3178
2459 3155
2857 3231
2137 4420
3725 2139
3660 2189
3712 2138
3499 2268
3721 2129
3732 2138
3452 4532
3438 4512
3819 3688
4284 3362
4274 3366
4286 3374
4284 3353
4348 3364
4434 3368
408 2929
484 2884
356 2934
339 2979
688 2780
3907 1476
3898 1475
3904 1485
3712 1655
3683 2340
3622 4175
3563 4120
3585 4172
3448 4139
3422 4130
3409 4129
1893 2181
3309 4387
2714 2655
2683 3235
2686 3236
2543 2645
3107 2145
1920 4640
1883 4678
1954 4615
2771 2023
4975 2312
4975 2316
4986 2305
5003 2112
3829 3456
3893 3453
3928 3476
3883 3452
3885 3465
3530 4313
2126 2429
4813 3687
4823 3708
4806 3687
3300 4076
1325 2356
3271 5252
3288 5254
2890 1415
2887 1401
621 2781
3601 1173
3608 1184
4109 2527
1036 2093
968 2060
993 2056
1030 2103
1047 2103
3800 3674
3475 4065
3549 4099
3497 4069
3515 4092
3482 4087
2385 1891
2382 1882
1735 4678
5029 4061
5072 4126
5077 4118
5016 3988
5015 3998
2393 2530
3610 4140
3351 2406
3350 2390
3358 2398
3342 2400
1744 2077
1758 2082
1754 2076
3331 4110
3293 4160
2726 2159
2739 2116
2741 2131
2750 2138
2777 2116
2726 2115
2736 2108
2793 2093
4184 3133
4226 3104
3281 2422
3145 527
3135 526
3146 541
3601 3789
3585 3758
3581 3781
2457 3270
2380 2497
2281 2569
2262 2575
2224 2576
3416 4415
3421 4428
3455 4495
2653 4947
2663 4945
3830 3671
919 2891
3979 3510
4148 2540
4074 2485
3284 2544
3297 2562
1614 2618
257 3021
219 3024
261 3024
268 3033
132 3048
2148 2573
3768 1639
3761 1630
1079 5340
1239 5289
3371 4603
3369 4589
4828 3767
4842 3763
5053 1502
4957 3722
4951 3691
3947 3994
2970 3555
2972 3532
3884 3808
3860 3940
3868 3817
3854 3841
3874 3803
2331 3307
2326 3296
3557 3388
13 3081
0 3074
7 3069
85 3063
2940 3593
2977 3604
3848 2183
26 3092
16 3094
39 3067
4499 2855
4507 2833
4539 2808
4545 2805
3009 2739
2998 2486
3037 2442
3036 2475
3016 2482
1191 2856
1180 2847
3360 4622
3358 4601
1444 419
1456 418
4102 4156
4972 2658
3819 1867
4110 4157
3718 2220
2087 4528
4046 2106
947 2005
958 1999
963 2015
3361 4363
1240 3295
2030 4555
3582 1770
3954 3922
1802 671
1808 610
1797 664
1774 659
1787 663
1226 3273
1685 606
3849 1811
3538 4138
1559 2806
1558 2816
960 2260
3653 3425
3709 3436
3554 1772
3337 2406
3383 2352
3032 2442
4142 2530
3872 4064
3894 4027
3545 2252
3536 2256
4803 2127
3082 2144
3861 4001
2114 2741
3073 2181
3053 2169
2717 2253
3650 1597
972 2238
4711 2670
2927 4041
2918 4033
1062 2557
1076 2539
3257 3973
3602 3279
4186 3144
2314 0
2300 4
2275 18
3634 1579
3413 4059
2623 2620
0 1
1 2
1 3
4 5
4 6
4 7
5 8
6 9
6 10
7 11
7 12
7 13
14 9
14 15
15 16
15 17
15 18
15 19
15 20
15 21
15 22
15 23
15 24
15 25
15 26
15 27
28 29
29 30
29 31
29 32
33 34
33 35
33 36
33 37
33 38
33 39
33 40
33 41
33 42
35 43
35 44
36 45
36 46
36 47
36 48
36 49
36 50
36 51
36 52
36 53
36 54
36 55
36 56
36 57
39 58
39 59
60 61
61 62
61 63
61 64
61 65
61 66
61 67
61 68
69 70
70 71
70 72
70 73
74 75
75 76
77 78
78 79
78 80
78 81
78 82
78 83
78 84
78 85
78 86
78 87
78 88
78 89
78 90
78 91
78 92
93 2
2 94
2 95
2 96
2 97
2 98
2 99
2 100
2 101
2 102
2 103
2 104
2 105
106 107
107 108
107 109
110 111
111 112
111 113
111 114
111 115
111 116
111 56
111 117
111 118
119 120
120 121
120 122
120 123
124 125
125 126
97 127
97 128
97 129
101 130
102 131
103 132
104 133
104 134
104 135
104 136
137 138
137 139
138 140
139 141
139 83
139 142
139 143
139 144
139 145
146 147
147 148
147 149
147 150
147 151
147 152
147 153
147 154
147 155
147 156
147 157
147 158
147 159
147 160
147 161
147 162
163 164
163 165
163 128
163 166
165 167
128 168
128 169
128 170
128 171
128 172
128 173
128 174
128 175
128 176
128 177
128 178
128 179
128 180
128 181
128 182
128 183
128 184
128 185
128 186
128 187
128 188
128 189
128 190
128 191
128 192
128 193
128 194
128 195
128 196
128 197
128 198
128 199
128 200
128 201
128 202
128 203
128 204
128 205
128 206
128 207
128 208
128 209
210 211
210 212
211 213
212 214
215 216
216 217
216 218
216 219
216 220
221 222
222 223
222 224
222 225
222 226
222 227
222 228
222 229
222 230
222 231
222 232
222 187
222 233
222 234
222 235
222 236
222 237
222 238
222 239
222 240
241 242
242 243
242 244
245 246
246 247
248 149
149 249
149 250
149 251
149 252
149 253
149 254
149 255
149 256
149 257
149 258
149 259
149 260
149 261
149 262
149 263
149 264
149 265
149 266
149 267
149 268
149 269
149 270
149 271
149 272
149 273
149 274
149 275
149 276
149 277
149 278
279 280
280 281
280 282
283 187
187 284
187 285
187 286
187 287
187 288
187 289
187 290
187 291
187 292
187 293
187 294
187 295
187 296
187 297
187 298
187 299
187 220
187 300
187 301
187 302
187 303
187 304
187 305
187 306
187 307
187 31
187 308
187 309
187 310
187 311
187 312
187 313
187 314
187 315
187 316
187 317
187 318
187 319
187 320
187 321
187 322
187 323
187 324
187 325
187 326
187 327
187 328
187 329
187 330
187 331
187 332
187 333
187 334
187 335
187 336
337 338
337 339
338 340
339 341
339 342
343 344
344 345
344 346
344 347
344 348
344 349
344 350
344 351
344 352
344 353
344 354
344 355
344 356
344 357
344 358
344 359
344 360
344 361
344 362
363 364
364 365
168 366
168 367
168 368
369 370
369 371
369 372
370 373
370 374
371 375
371 376
377 334
334 378
334 379
334 380
334 381
334 382
334 383
334 384
334 385
334 386
334 341
334 387
334 388
334 389
334 390
334 391
334 392
334 393
334 394
334 395
334 396
334 397
334 398
399 400
399 401
399 402
399 403
399 404
399 405
399 406
400 407
400 408
400 409
401 410
402 411
402 303
402 412
403 413
403 414
403 415
403 416
403 417
403 418
405 419
405 420
131 421
131 422
131 423
131 424
421 425
421 426
421 427
422 428
423 429
430 431
431 432
431 433
431 434
435 436
436 437
438 416
416 439
416 440
416 441
416 442
416 443
133 444
133 445
133 446
445 447
446 448
449 450
450 451
450 452
450 453
450 454
450 455
450 456
450 457
450 458
450 437
459 460
460 461
460 462
460 463
460 464
465 466
466 467
466 468
466 469
466 470
466 471
466 472
466 473
466 474
466 475
466 476
466 477
466 478
466 479
466 480
466 481
466 482
466 483
466 484
466 485
466 129
466 486
466 487
466 488
466 489
490 491
490 492
490 493
490 494
490 495
490 496
490 497
491 498
492 499
493 500
493 501
493 502
493 503
493 504
493 505
493 506
494 507
495 508
509 510
510 511
510 512
510 513
514 276
276 515
276 516
276 437
276 517
276 518
276 519
276 520
276 521
276 522
276 523
276 524
276 525
276 526
276 527
276 528
468 529
529 530
531 532
532 533
534 535
534 536
534 537
535 538
536 539
536 540
536 541
536 542
536 543
536 544
536 545
469 546
469 547
130 548
549 550
549 551
550 552
553 220
220 554
220 555
220 56
220 556
220 557
220 558
220 559
220 560
220 561
220 562
220 563
220 564
565 566
565 567
566 189
566 568
569 570
570 475
571 188
572 573
573 574
573 575
573 576
378 577
378 578
378 579
378 580
378 581
577 582
577 583
577 584
577 585
577 586
577 587
577 588
577 589
577 590
577 591
577 592
593 594
594 595
594 596
594 597
594 598
594 599
600 601
601 602
603 604
604 605
604 606
607 608
608 609
608 610
127 611
127 612
127 613
127 614
127 615
127 616
129 617
129 618
129 619
129 620
129 621
129 26
129 622
129 623
129 624
129 625
626 618
618 627
618 282
618 628
618 629
223 630
223 631
223 596
223 632
223 633
223 634
596 635
596 636
596 637
596 638
596 639
596 640
596 641
596 642
596 643
596 644
633 645
634 646
647 648
647 365
365 649
650 518
511 651
511 652
651 653
651 654
655 373
656 657
657 17
657 658
214 659
214 437
214 660
659 661
659 662
437 663
437 664
437 665
437 666
437 667
437 668
437 669
437 670
437 671
437 672
437 673
674 275
282 675
676 677
677 678
679 680
680 681
680 682
680 683
680 684
680 685
686 539
539 687
539 688
539 689
539 690
539 691
539 692
539 693
539 694
539 695
539 696
539 697
698 629
629 699
629 700
629 701
702 703
702 704
704 705
704 231
704 706
704 707
704 708
704 434
704 709
704 710
16 711
16 712
16 713
713 714
715 706
706 716
706 717
718 683
683 719
683 720
683 721
683 722
683 723
683 724
683 725
683 506
683 726
683 540
683 727
683 728
683 729
346 730
731 544
544 732
544 678
733 198
198 734
735 526
80 736
737 738
738 739
738 17
738 740
738 576
741 742
741 743
742 744
742 745
742 746
742 747
742 748
749 729
729 750
729 751
729 752
753 754
754 121
754 755
754 756
754 757
754 758
759 76
76 760
76 761
76 762
76 375
763 512
512 31
512 764
512 765
512 766
512 767
512 768
512 769
770 619
619 771
347 772
347 773
347 774
347 775
347 776
347 777
347 778
347 779
347 780
347 781
347 782
347 783
347 784
347 785
347 786
347 787
772 788
776 789
783 790
783 504
289 791
792 793
792 452
793 794
452 795
452 796
452 797
452 798
799 273
273 800
273 801
273 802
273 803
273 231
273 804
273 805
273 806
273 807
273 808
273 809
273 810
811 812
811 540
540 813
540 814
540 815
540 816
540 817
540 818
540 819
540 820
540 821
540 822
540 823
540 824
540 825
540 610
540 826
540 827
540 828
540 829
540 830
831 832
831 833
833 834
833 835
833 836
833 244
833 837
833 838
833 839
813 840
841 352
842 843
842 56
842 844
56 845
56 846
56 847
56 848
56 849
56 850
56 851
56 533
56 852
56 853
56 854
56 855
56 856
56 857
56 858
56 859
56 860
861 862
862 863
864 865
865 866
865 325
865 867
868 800
800 869
800 870
800 871
800 872
873 874
873 875
873 611
875 876
611 877
611 878
879 615
615 880
615 881
615 882
615 883
884 885
885 886
885 887
250 888
888 889
890 891
891 892
893 894
893 895
895 462
895 896
897 881
898 899
899 887
899 196
121 900
121 901
121 902
900 903
901 815
901 904
901 905
901 906
907 908
907 909
908 910
908 911
908 912
913 745
745 691
745 914
814 915
916 331
331 917
331 918
331 919
331 920
331 921
331 922
331 923
331 924
331 925
331 926
927 823
823 928
929 930
929 931
929 932
930 933
930 934
932 935
932 85
583 936
583 937
937 938
255 649
261 939
262 940
262 941
265 942
265 943
274 944
274 945
946 739
739 947
948 949
948 483
483 950
483 951
46 952
953 954
954 955
956 152
152 957
958 562
562 959
562 960
562 961
562 962
963 964
964 965
966 311
311 967
968 969
968 970
968 971
968 972
968 973
968 974
968 975
968 976
968 977
975 978
975 979
975 980
977 981
977 23
977 982
977 983
984 700
985 351
351 986
351 987
988 989
988 990
988 991
989 992
989 993
989 994
989 995
989 996
989 997
991 998
999 1000
1000 1001
1000 866
1000 1002
473 1003
473 1004
473 1005
473 1006
1007 1008
1008 1009
1008 1010
1008 1011
1008 1012
1008 1013
1008 1014
1008 1015
1008 1016
1017 1018
1017 592
1018 1019
1018 1020
1018 1021
1018 1022
1018 1023
1018 1024
1018 1025
1018 1026
1018 1027
1018 1028
1018 1029
592 1030
592 1031
1032 1033
1033 1034
63 602
63 1035
63 1036
63 1037
64 1038
64 1039
64 1040
64 1041
64 1042
64 1043
65 1044
65 1045
65 1046
65 1047
65 1048
65 1049
65 313
65 1050
68 1051
1052 231
231 1053
231 1054
231 1055
231 1056
231 1057
231 1058
231 1059
231 1060
231 1061
1062 326
1063 177
177 1064
177 1065
1066 1067
1067 1068
349 1069
349 1070
350 1071
356 1072
358 1073
358 1074
358 1075
358 1076
358 1077
358 1015
358 1078
358 1079
358 1080
358 434
358 1081
358 1082
359 1083
359 1084
361 1085
602 1086
602 1087
1088 574
707 1089
707 1090
434 85
434 1091
434 1092
434 1093
434 1094
434 1095
434 1096
1097 1098
1098 691
1099 757
757 1100
291 1101
291 1102
291 1103
291 1104
291 1105
291 1106
291 1107
291 1108
291 1109
1107 1110
1111 1112
1112 1113
1112 1114
1115 1116
1116 247
1116 1117
1118 44
1119 1120
1119 475
1120 1121
1122 1123
1123 688
1123 1124
1123 1125
1123 1126
1123 1127
1123 1128
1123 1129
994 1130
997 1131
997 189
997 1132
997 1133
1134 1135
1134 642
642 1136
642 1137
642 1138
1139 1140
1140 1141
1140 1068
1140 1142
1143 1144
1144 1145
955 1110
1110 1146
1110 1147
1148 209
209 1149
209 1150
1151 557
557 1152
557 1153
557 1154
189 892
568 1155
568 1156
815 1157
815 1158
815 1159
815 1160
1157 1161
1159 1162
1159 606
1159 1163
1159 1164
1160 1165
1166 1167
1167 387
1015 1168
1015 1169
1170 31
31 1171
31 1172
31 1173
31 1174
31 1175
31 1176
31 1177
31 1178
1179 126
126 762
126 1180
126 1181
636 1182
640 965
640 1183
640 1184
643 1185
1186 625
625 1187
1053 1188
171 1189
538 1190
1191 1192
1192 1038
1193 1194
1194 1195
1194 922
1194 1196
1194 1197
1194 1198
1199 1200
1200 682
411 1201
17 1202
1203 1204
1204 1205
1204 426
1206 1207
1207 1208
1207 1209
1207 1210
533 1211
1146 1212
1212 1213
661 1214
1215 387
1215 1216
387 1217
387 1218
387 1219
387 1220
387 1221
387 1222
387 1223
1216 1224
1225 244
244 1226
244 666
244 1227
244 1228
244 1229
1230 1227
1227 1231
587 1232
587 1233
587 1234
591 1235
1226 1236
1237 747
747 1238
747 1239
747 1240
747 1241
747 1068
755 1242
755 1243
755 1244
1242 1245
1244 1246
1244 1247
1244 1248
1244 1249
1244 1250
751 1251
1252 1253
1252 666
666 1254
835 1255
1255 1256
1257 1258
1257 1259
1259 413
1259 1260
1261 376
376 1262
376 1263
376 1264
376 1265
376 1266
376 1267
1168 1268
1269 1270
1269 1271
1270 1272
1273 1229
1229 1274
1229 1275
1229 1276
1229 1277
1278 1279
1278 1081
1280 88
1281 1282
1281 1283
1283 329
1283 1284
1285 83
83 1286
83 1287
83 1288
1289 32
1290 1291
1291 26
1292 1293
1292 193
172 1294
1295 1296
1295 1100
1296 1297
1100 1298
1100 1299
1100 1300
863 1301
863 1302
863 1117
863 341
1117 1303
1117 1304
1117 1305
1117 1306
341 1307
341 1308
341 1309
1038 1310
1038 1311
1038 1312
1312 1313
1314 1315
1315 229
1315 1316
1315 1317
18 1318
1319 1154
1320 229
229 1321
688 1322
688 1323
688 1324
1208 1325
1208 236
801 1326
1327 1047
1047 1328
1329 979
1330 610
610 1331
610 1332
610 1333
610 1334
1335 1336
1335 197
197 1337
197 1338
1339 1340
1339 722
1339 1341
722 1342
722 1343
1341 1344
1345 1346
1345 1347
1347 545
1083 1348
1349 981
1350 961
961 1351
961 1352
961 1353
543 1354
1020 1355
1356 965
965 1357
965 1145
1358 1145
1145 1359
1145 1360
1145 1361
1362 235
1363 191
1364 1306
1306 1365
1366 1367
1366 1039
1366 1368
1039 1369
1368 1370
11 1371
174 1372
1372 1373
1372 1374
135 1375
1303 1376
1377 1378
1378 85
1378 1379
1378 1380
1378 1381
1378 1382
1378 1383
1384 504
504 1385
504 1386
504 1387
1307 1388
1307 1389
1307 1390
1307 1391
1390 1392
1390 1393
1390 1394
1161 1395
1161 1396
1396 1397
1396 1398
1399 1400
1400 1401
414 1402
418 1403
418 1404
1403 1405
1403 1034
1034 1406
1034 72
1034 1407
1408 85
85 1409
85 1410
1411 732
732 1412
1393 1413
1393 1414
1415 391
228 1416
1416 1417
1418 802
1419 1178
1178 1420
1178 1421
1178 1422
1178 1423
1178 1424
682 1425
682 1426
682 1427
684 1428
684 1429
685 1430
1431 375
375 1432
375 1433
375 1434
1435 1114
1114 1436
1114 1437
1114 1438
1114 1439
628 1440
384 1441
384 1442
1209 1443
1413 1444
1445 1446
1446 1447
1446 1448
1446 1449
1446 1450
1451 1452
1452 485
1453 723
892 1454
892 1455
892 1456
892 1457
892 1458
1458 1459
1460 1461
1460 1462
1461 1463
1461 1464
462 1465
462 1176
462 1466
462 1467
1176 1468
667 1469
1470 1471
1471 622
1471 1472
1473 1187
1187 1474
1187 1475
959 1476
476 1477
1478 23
1479 20
20 1480
1481 313
517 1482
1483 1484
1483 1485
1485 89
983 1486
1068 1487
1068 1436
1068 1488
1068 1489
1142 1490
179 1491
1491 1492
1491 1493
1491 1494
1491 1495
1077 1496
1497 559
1498 696
696 1499
696 1500
1501 771
847 1502
1503 876
876 1504
1505 980
980 1506
114 1464
1464 1507
123 1508
123 1509
1510 606
1511 1024
1511 1512
1511 1513
1024 1514
1024 1515
1516 728
622 1517
622 1518
622 1519
622 1520
622 1521
1522 1523
1522 941
1287 1524
1525 1526
1525 1527
1525 912
912 691
912 1528
912 1529
1530 807
1531 1518
1532 325
325 1533
325 1448
325 1534
325 1535
1536 1537
1537 1538
1537 960
1430 1539
1539 1540
303 1541
303 1542
303 552
303 1543
303 1544
303 1545
1542 1546
1542 1547
1545 1548
1549 824
1549 1550
1551 922
1552 1248
1248 1553
1248 1554
1343 1555
1343 1556
1343 1557
1558 398
804 1559
806 1560
806 1561
806 1562
1563 484
1563 1564
1564 1565
1566 548
548 1567
724 1568
1369 1569
1493 1570
1162 1571
1163 1572
923 1573
923 1574
1235 1575
1463 1576
1463 1577
1576 1578
1576 1579
1577 1580
1562 1581
1582 1468
1468 1583
1401 1584
1584 1585
427 1585
1586 1587
1587 481
1588 694
694 1589
1113 1590
691 1591
691 1592
501 1593
26 1594
26 1595
1596 506
506 1597
506 1598
506 1599
506 1600
1219 1601
1221 1602
186 1603
1604 1605
1605 1606
1605 1607
1594 1608
1594 1609
866 1610
1611 1612
1611 1607
1607 1613
1607 1580
108 1614
108 1615
108 1616
108 826
1616 1617
316 1618
332 1619
332 1620
332 1621
332 1622
1040 1623
1040 1624
1625 1626
1626 481
1627 1181
1627 1628
762 442
1385 1629
1240 1630
905 1631
1629 1632
1633 867
1634 87
1002 1635
1636 1029
1029 1637
1029 1638
488 1639
1359 1640
89 1641
1642 1424
1643 701
1644 1645
1644 442
442 1646
442 1647
442 1648
442 1272
1649 1361
1650 1272
1631 1651
1520 1652
1035 1653
1035 1654
52 1655
1656 1657
1656 205
1658 1423
1659 1660
1659 926
1620 1661
1662 1571
1663 1664
1664 1597
1448 1665
1448 1666
1276 1667
1668 522
1597 1669
1046 1670
1671 528
528 1672
1317 1673
1674 768
55 1675
1676 109
1677 1095
1095 1678
1679 117
117 1680
623 1681
200 1682
828 1683
1684 1265
1684 1685
1265 1686
767 1687
1429 1688
1689 239
