252
2187 795
16532 15577
21537 14082
23299 2367
26465 3236
12916 10138
27646 10642
11360 29692
6176 5637
18940 125
18595 14826
24629 29077
18650 14739
1647 3312
6302 9121
2522 21748
17222 11701
14857 19600
2113 15491
15012 27158
10376 11335
28656 11534
23541 5681
15096 26766
5752 3249
20632 10870
24507 20502
16108 29029
23405 20086
10198 19786
19130 16344
27929 3145
764 1988
23617 28865
12620 3472
20109 19115
14858 27888
18957 1120
9847 14541
20684 2273
2668 9179
13305 25248
9957 27725
15377 1456
10778 17018
21132 29329
2446 21306
3298 11121
1373 22908
639 9329
23502 6193
21144 19753
21692 28012
17781 18615
258 4655
12733 2541
3901 18974
2745 4703
25021 15843
25910 815
7363 26812
12230 10470
22387 912
26308 2535
9523 21258
24377 8847
5547 29610
7085 17316
26648 16518
28610 22242
2851 6306
16432 2337
7168 18104
27697 16076
22902 9913
21446 1660
722 1164
29695 5353
2189 19411
4624 2271
10161 23925
3441 4076
10004 20448
5260 25750
21069 27111
14214 1059
20716 26242
7261 23706
25554 25360
24200 9775
29248 24691
19727 17654
4757 12136
319 4095
17970 20308
10132 18123
2033 13069
21600 4711
13369 26686
10015 5475
529 11653
18262 15253
19549 18603
8018 21615
16511 20755
21152 15400
9231 10411
25473 12980
12464 1379
29214 29974
6251 8591
23098 1526
1059 8496
27726 445
1846 8072
205 22050
14072 28550
26519 29896
14798 14662
27615 14483
9438 4098
24876 451
28134 3994
8779 15145
21391 11714
17851 6320
20256 8522
7414 18950
27994 2336
20948 14269
26017 12904
9972 810
25748 17570
16734 13201
2847 4423
23221 2366
27662 1562
10450 2951
23219 2028
9075 15940
29804 4526
941 25373
24293 19908
26124 15133
5820 27305
21911 3079
9654 18935
29914 14602
10346 18436
18533 4137
21117 12361
4850 2814
22557 18278
12184 674
1383 23656
23993 1731
2957 26749
27290 20985
28177 8700
12246 18764
17524 7366
7660 9681
15432 21941
6619 22402
6206 12516
15704 20192
14948 5807
12928 6981
5718 13876
22908 12789
24544 25218
24151 8375
12322 16847
10790 9372
15741 27971
26300 26541
25054 29564
5261 4894
20641 20215
27312 24103
8379 27904
22096 459
5623 14662
13069 22149
21449 6759
12105 29361
27183 19448
21770 13399
21547 6659
12008 3248
26171 19069
1352 5847
11617 2349
3980 4518
28137 29310
1547 10696
24175 11738
29226 2951
17507 15753
9818 13630
6625 28966
29603 4200
3057 22683
14373 14840
19672 27809
27718 5453
25206 3132
27359 96
22512 26002
26298 10458
10465 7100
25663 23099
2733 28950
15752 26813
25100 19222
26939 29328
21661 15696
1790 7926
4666 29409
16321 9870
15548 19570
17066 25516
15090 5104
25231 17182
25229 19098
24223 19987
29090 9935
7576 12087
27533 24487
20030 8464
12453 26371
4378 18009
5042 10094
15178 2322
26548 10368
21633 11554
20804 7166
26092 8069
3187 18712
823 5884
6308 8865
25064 12134
24016 15716
28075 24200
14335 20210
18652 26028
20924 19692
1269 8100
3463 29855
8182 18965
2742 23917
29290 13560
0 1
0 2
0 3
0 4
5 6
5 7
8 9
9 10
11 12
11 13
11 14
15 16
15 17
18 19
20 10
20 21
19 22
19 23
19 24
25 16
26 27
23 28
23 29
23 30
23 31
23 32
23 33
23 34
23 35
23 36
37 38
39 40
39 41
39 42
39 31
39 43
39 44
27 45
27 46
27 47
27 48
27 49
27 50
27 51
27 52
27 53
54 55
31 56
31 38
31 57
31 58
31 6
31 59
31 60
31 61
31 62
31 63
31 64
31 65
31 66
31 67
31 68
69 70
69 71
69 72
69 73
69 74
69 75
76 77
77 78
77 79
68 80
68 81
68 82
68 83
84 85
84 86
84 87
85 58
86 88
86 89
90 91
88 92
93 94
93 95
96 97
98 99
98 100
98 101
98 24
102 103
102 104
104 105
104 106
104 107
108 109
108 110
53 95
53 111
112 113
112 114
112 115
112 116
38 10
38 117
38 118
38 119
120 32
121 100
80 122
122 123
122 124
125 126
127 128
22 129
22 130
24 131
24 4
131 55
40 126
126 132
126 133
126 134
109 135
95 136
137 138
137 139
137 140
113 141
113 142
143 42
143 144
143 145
143 91
143 146
139 147
139 148
139 149
139 107
139 114
139 150
139 151
152 153
152 154
155 156
155 157
155 158
159 160
159 78
110 6
70 161
161 105
162 94
51 163
51 42
51 164
114 165
114 166
114 167
114 168
114 169
170 171
172 10
173 63
174 175
174 129
156 176
176 165
153 142
65 177
65 178
179 17
48 180
119 181
182 183
182 184
183 185
184 3
184 186
187 188
189 190
191 192
191 124
192 193
192 194
12 128
13 195
13 196
13 197
14 198
14 60
74 190
74 199
74 91
91 17
200 141
200 201
188 32
202 203
202 204
202 205
206 207
32 208
165 209
165 210
210 211
210 212
6 213
6 214
132 215
216 177
217 218
219 83
219 220
171 136
171 221
154 204
157 222
222 223
16 224
225 226
225 82
82 227
228 41
218 44
198 229
147 230
215 207
231 196
196 232
233 17
227 234
89 235
235 236
236 237
238 239
240 241
97 213
213 242
204 239
30 243
244 193
245 142
63 241
246 166
142 247
107 248
249 168
66 250
160 92
92 251
