1251
5071 257
5088 199
5053 397
5095 122
5029 612
5059 384
5089 92
5101 98
5101 116
5014 767
5013 950
4970 853
5017 863
5007 884
5041 920
5028 887
5053 917
5040 900
4902 642
5117 1333
3831 3639
3838 3686
3777 3497
3834 3724
2968 4351
2945 4464
3059 4080
2964 4394
2958 4431
2963 4363
2960 4383
2950 4373
2919 4530
2923 4558
3028 4125
3047 4154
3020 4104
3015 4119
3039 4140
3060 4143
3027 4142
3122 3820
2944 4508
2930 4484
3665 1462
3666 1488
3657 1451
3604 1255
3663 1167
3686 1998
3644 1456
1286 3029
1312 3026
1284 3042
1444 3003
1773 1516
1816 1563
727 2496
664 2491
430 2394
1087 2643
659 2465
680 2472
632 2452
562 2448
671 2458
5679 2302
5636 2284
5649 2288
5146 2329
5662 2301
5671 2290
5671 2313
5795 2321
5854 2220
5662 2280
5860 2287
3277 3360
3379 3417
3183 3334
2839 3838
2796 3879
2520 3846
2775 3875
2742 3910
2778 3892
4315 4089
4281 4070
4246 4050
4315 4077
4296 4102
1718 1629
1760 1667
1780 1698
5451 2299
4641 2767
5220 1808
5952 2340
6109 2140
6055 2278
5929 2291
5935 2281
116 2239
60 2189
243 2294
0 2160
184 2266
176 2284
167 2280
180 2276
3037 2081
3039 2144
3029 2061
3043 2388
3071 2071
3020 2086
3025 1997
3005 2101
3037 2071
3061 2073
3006 2117
3017 2076
3002 2089
3055 2080
3050 2063
4713 2806
4793 2818
4779 2815
4655 2776
4652 2740
4634 2765
4613 2730
4724 2765
4667 2783
4798 2788
4653 2778
4636 2750
4728 2712
4623 2723
4772 2837
4631 2725
4641 2765
4656 2810
4681 2780
4717 2741
3754 2981
4711 2819
5018 2846
4661 2755
4634 2758
4637 2808
4676 2827
4824 2873
4781 2789
4714 2759
4661 2798
4628 2795
4603 2745
4593 2800
4677 2799
4663 2835
4611 2811
4675 2763
4757 2729
2982 3760
2907 3834
3048 3690
2891 3852
3163 3566
3442 3583
3436 3628
3448 3631
3477 3469
3121 2564
3148 2557
2946 2067
3163 2575
3130 2554
3146 2538
3180 2533
3086 2516
3133 2577
2618 2578
3202 2550
3178 2523
3232 2439
3153 2541
3160 2533
3134 2541
3783 4435
3737 4392
3770 4439
3682 4272
2278 2105
2326 2150
3020 2383
3037 2372
3088 2288
3058 2397
3026 2370
3067 2357
3073 2208
3081 2394
3054 2359
3029 2406
3044 2380
3035 2351
3084 2334
3081 2268
3061 2376
3021 2358
3099 2306
3077 2370
3028 2390
3045 2344
2772 2376
3038 2323
3054 2325
3160 2908
5327 1478
5314 1539
3730 2990
3790 2991
3749 2980
3716 3026
3771 2957
3730 2919
3748 3029
3653 3250
3716 3024
3720 2964
3707 2957
3688 2994
3714 2927
3704 2952
3701 2980
3761 2956
3756 2986
3762 2965
3369 2996
3682 3005
3775 3011
3725 2918
3766 2995
3761 2945
3742 2916
3696 3010
3713 2478
3793 3006
3740 3032
3758 2925
3777 2986
3691 2968
3774 2967
3729 3022
3783 3012
3758 2951
3767 3020
3700 3023
3450 3151
3787 2967
3726 2951
3774 2980
3814 2994
3735 2955
3992 3185
3813 3087
3774 3001
3327 2817
3738 2939
2750 2472
2652 2436
2827 2509
2624 2427
2973 2586
2813 2505
1378 3557
1430 3548
1421 3614
1365 3639
1632 3855
1399 3613
1354 3569
1378 3648
1342 3638
1384 3565
1434 3602
1393 3592
1378 3575
1395 3550
1355 3206
1355 3594
1376 3550
1361 3609
1380 3588
3124 1710
3119 1783
3113 1896
1571 801
1528 684
1657 983
1479 581
1494 629
1737 1250
1589 774
3595 3050
3383 2826
3332 2853
3318 2809
3356 2809
3271 2776
3099 2845
3307 2823
3330 2831
3330 2786
3363 2814
3358 2799
3346 2795
3314 2795
2621 2888
2533 2942
2601 2894
3022 2949
2274 2759
2599 2910
2562 2933
2460 2977
2466 2966
2922 3003
2144 2826
2178 2796
2209 2762
2093 2468
2212 2784
1993 2844
2496 2970
6275 2077
6143 2136
6116 2143
6124 2133
6330 2072
6366 2054
6475 2010
6214 2128
1491 2823
1478 2821
1547 2816
3245 3470
3275 3422
2085 2451
2096 2448
2075 2462
2072 2476
1977 2155
2086 2464
6117 2306
6115 2295
6166 2300
6249 2300
3114 3456
3130 3459
3123 3474
3008 3486
3090 3458
3110 3467
3131 3478
3103 3451
3784 4262
3780 4196
3772 4273
3775 4057
5396 1581
5369 1657
5437 1652
5448 1633
5414 1602
5401 1592
5414 1660
5426 1608
5432 1641
5420 1561
5426 1623
5419 1673
5509 1578
5440 1668
5447 1606
5477 1570
5430 1584
5369 1602
5391 1608
2365 4462
2337 4517
2337 4555
2490 4300
2322 4552
2350 4520
2300 4609
2442 4348
2426 4343
2166 4227
2440 4338
2835 4182
2277 4604
3733 4037
3711 4238
3777 3805
3745 4100
3160 2893
3119 2853
3126 2909
3171 2880
3148 2847
3131 2848
3139 2913
3143 2910
3107 2908
5474 1645
5541 1626
4019 2905
4077 2819
3991 2993
4087 2779
4245 2543
3660 3531
4003 2966
4014 2972
4025 2928
4015 2883
4039 2910
5470 1625
6023 2367
3382 3173
3376 3134
3359 3212
3393 3062
3471 3500
3449 3521
3433 3510
3445 3498
3465 3651
3433 3521
3479 3564
3519 3667
3455 3511
5220 2934
5154 2914
5255 2953
5429 1534
4778 2860
5044 693
5039 712
5058 702
5030 770
3852 3261
3536 3028
3553 3013
3889 3325
3945 3276
3871 3314
3908 3292
3895 3302
3906 3275
3905 3312
3914 3273
3866 3325
4131 3483
2697 1404
2722 1481
2711 1399
2748 1588
3498 926
3520 1002
3560 1081
4520 3649
4453 3633
4531 3644
4357 3643
3487 3618
3536 3582
3515 3626
3577 3564
5618 2227
5468 2281
5467 2295
5556 2323
5454 2290
5209 1791
5296 1592
5256 1764
5237 1771
5224 1747
5319 1787
5236 1782
5234 1691
5295 1572
5303 1581
5354 1482
2916 1996
2906 2011
2908 1960
2889 1964
2752 1562
2730 1558
2618 1271
2742 1578
2692 1473
2744 1553
2726 1574
2896 1922
2871 1930
3083 2030
3685 4387
3692 4310
3674 4472
3680 4459
1475 549
5017 804
3047 3660
3113 3625
3015 3681
3026 3688
3291 3427
3244 3447
3271 3493
3465 3870
3236 3463
3287 3479
3260 3481
3246 3441
3051 2255
5340 1467
4063 2751
4058 2798
3181 4397
3187 4370
3192 4404
3165 4542
3262 4008
3148 4506
3164 4491
4284 2490
4305 2312
4266 2492
4301 2505
4514 2259
4277 2512
4258 2506
4285 2425
4292 2496
4305 2437
5405 1424
5374 1412
5386 1399
5395 1412
1986 2687
1920 2690
2027 2691
2011 2682
1994 2666
1920 2666
2013 2695
2018 2670
4962 842
4975 839
4959 831
1936 2635
1925 2649
3233 4067
3239 4077
3157 4217
3261 4060
3236 4074
3253 4061
3215 4062
3287 4085
3225 4198
1344 3664
4053 2833
4789 2743
4771 2747
5045 781
5030 793
5061 783
5118 1949
5042 2024
5122 1923
5098 1991
4800 2116
5317 1984
5091 1982
3229 4228
3217 4215
3214 4267
3214 4228
4402 4275
4345 4242
4486 4376
4449 4429
4381 4285
1784 1498
1795 1508
1869 1855
3766 3864
3777 3856
3786 3863
3773 3901
5271 1751
1617 3878
1622 3898
1595 3926
1610 3870
1599 3876
1628 3881
1636 3890
1917 4050
1609 3892
1549 3989
1861 4097
2871 3523
2824 3531
2766 3550
2948 3493
2939 3505
2952 3519
2782 2353
2686 2280
2771 2322
2740 2321
2762 2347
2750 2354
2760 2378
2727 2269
2776 2341
2754 2371
2766 2365
2772 2374
3689 3556
3667 3544
3977 3652
3708 3491
3663 3545
3678 3497
3696 3535
3711 3559
3656 3523
3683 3569
3705 3576
3663 3559
3523 3462
3713 3506
3649 3498
3710 3529
3712 3549
3878 4604
3915 4679
3809 4505
3894 4629
3856 4547
3855 4558
3844 4561
3114 3885
3090 3948
3143 3833
3099 3856
3122 3825
3094 3832
3123 3863
3109 3836
3145 3849
3129 3848
3118 3846
3105 3821
3094 3845
3110 3858
2577 2306
2639 2352
2709 2394
3244 3316
3296 3291
3163 3405
3216 3345
2634 2213
2639 2232
2622 2229
5791 2158
5860 2142
5926 2104
6026 2050
5614 2333
5600 2334
5601 2354
5614 2349
5222 3097
5195 3079
5097 3018
3110 2183
3147 2125
5401 2893
5336 2886
5226 2892
3762 4339
3749 4424
3771 4214
5038 2976
5004 2969
4259 4099
4097 3854
4258 4076
4281 4130
4136 3881
4147 3861
4140 3881
4635 1795
4607 1896
4647 1727
4630 1830
4574 2048
4826 2067
4813 2065
4064 3201
4061 3189
4062 3212
4049 3203
4155 3310
4107 3253
4041 3209
4095 3265
873 2593
858 2587
982 2617
3956 3290
3983 3272
4047 3282
3097 2277
3084 2205
3092 2162
3110 2243
3122 2248
3019 2254
5470 1588
5528 1542
3015 4144
3454 3904
3459 3881
3497 3769
3020 1950
3025 1966
3538 3723
3549 3714
3556 3750
3570 3776
2435 827
2459 885
2500 985
3778 2859
4697 218
4690 183
4668 180
4679 190
4681 175
4629 132
4665 194
4783 417
4592 39
4761 322
4769 355
4786 353
1305 3662
1324 3650
5656 3044
5505 3002
5771 3070
5567 3036
5559 3025
5573 3022
5284 2945
5836 3085
3102 3477
3044 3517
3044 3533
5434 1588
879 3232
940 3224
876 3205
875 3226
874 3212
1108 3209
4395 3688
4666 3882
4694 3916
4684 3926
4685 3900
4770 3973
4675 3916
4699 3904
4752 3969
1546 2979
1568 2962
3586 1119
3602 1188
3595 1192
3649 963
3681 954
3685 1048
3667 1091
3675 1100
3682 1944
3714 1954
3691 1916
3702 1941
2558 2591
2546 2582
2560 2537
2557 2549
2548 2565
2560 2559
2568 2612
2564 2572
2570 2602
3845 2948
4780 2675
4798 2664
5653 1939
5637 1942
5579 1952
1276 3563
1277 3580
1365 3669
1305 3581
1275 3188
1290 3208
1279 3201
1298 3180
1287 3193
1283 3178
1299 3200
1306 3213
1290 3626
1285 3610
1346 3620
3530 1044
1843 2644
1846 2662
1496 2788
1475 2812
1487 2797
1506 2843
4544 2202
4463 4452
4555 4602
3702 3269
3653 3267
3684 3254
3690 3286
3595 3469
3674 3290
3530 3674
6282 1887
6231 1879
6326 1897
6075 1890
2357 2167
2405 2178
2529 2272
2913 4578
5436 1541
4347 2091
4330 2141
4359 2073
4348 2066
4363 2090
4339 2073
5340 2966
5352 2966
5351 2951
2667 1399
2651 1397
2648 1415
5699 1905
5676 1921
5694 1922
5715 1907
2342 573
2366 643
2405 752
3513 3745
4835 2692
4845 2706
3485 3694
3470 3696
3471 3704
3485 3747
5320 2976
4119 3691
3981 3670
4171 3638
3987 3681
4284 3760
4270 3650
4230 3658
3095 2826
1003 3213
3828 3550
3816 3538
3812 3549
3832 3539
3794 3801
3851 3673
1768 1690
1707 1606
5232 1682
5243 1623
3618 817
3630 895
4331 3444
4262 3422
4324 3458
4316 3447
4310 3462
3135 4714
3142 4675
2898 3024
6394 2049
3354 2222
3312 2290
3373 2159
3392 2164
3486 3831
3487 3849
2989 2861
2874 2864
3076 2842
3069 2871
3050 2851
3091 2840
3037 2840
3078 2858
2843 2866
3690 4350
3713 4383
3729 4361
3700 4342
3762 4484
3773 4403
3922 3289
3747 4421
5341 1980
5325 1978
4482 4397
4502 4385
4576 4475
4683 4601
4625 4515
4618 4531
3207 4346
3492 3934
3948 4735
3980 4800
2024 2901
2088 2870
1574 749
1577 763
1565 673
1584 741
1596 739
934 3197
1820 2032
1848 2058
1773 1996
1894 2122
3792 4545
3786 4535
3804 4530
3819 4583
3804 4541
1246 3234
616 2439
3944 3004
3918 2999
398 2373
399 2357
389 2363
408 2353
3865 3794
5142 1256
5124 1316
4713 2866
4795 2766
4640 4733
4660 4817
4691 4881
4597 4670
4585 4658
4579 4675
2685 2378
2684 2393
2435 2198
2470 2222
2420 2188
2767 2489
2916 2574
3646 943
3643 924
3629 938
2973 2443
2962 2433
2948 2422
3487 3817
3042 2486
4306 2251
4315 2243
4322 2255
3325 2266
2750 2257
3700 1901
3690 1892
3585 3594
3573 3572
3611 3579
3585 3583
4895 2808
4924 2816
4862 2794
3128 4281
3105 4345
3142 4241
3102 4306
4121 2800
4105 2837
4748 297
3586 3840
3573 3844
4076 2880
2477 929
2387 697
2349 642
2374 694
2357 632
3213 2481
2386 2165
2382 2181
3668 854
3660 779
3678 776
3682 886
4952 2798
4993 2819
4988 2808
2398 2181
935 2583
1000 2594
953 2594
944 2553
945 2567
2109 4326
2145 4269
2738 2520
2737 2494
2627 2447
2747 2504
2574 2410
2502 2384
4320 3771
4363 3782
4433 3819
6874 1858
6814 1882
2155 2808
1780 2912
1713 2929
1066 2641
1075 2630
2416 2372
2448 2384
3193 2468
2699 2266
3856 3716
3870 3719
3862 3759
3859 3726
3170 4628
3156 4624
3130 4576
3115 4628
3140 4618
1728 1241
1721 1247
6149 1859
5861 1904
6139 1874
6150 1868
6136 1854
3217 2739
3237 2729
2366 2335
3167 3279
3172 3280
3143 3314
3311 3229
3140 3303
5484 1518
5443 1566
5300 2889
5289 2891
5299 2903
5342 2900
5410 2911
2043 3811
2042 3796
1848 3777
2285 3820
3794 4116
3797 4125
3804 3898
3224 3479
5351 1756
5237 1556
5252 1567
4891 611
5042 883
3747 2455
3110 2836
371 2412
355 2408
469 2427
5773 1885
4909 2891
4928 2902
4937 2915
3492 3625
4321 2390
4320 2375
6098 2016
4564 0
2239 3842
4390 3643
4870 4052
4907 4063
3274 4120
5365 1754
5382 1767
5375 1795
5386 1787
5375 1813
3123 2104
4599 1990
4589 1982
3448 3152
3431 3182
3462 3179
3557 3815
3137 4657
3388 2983
3343 3023
3372 2991
3370 3007
3292 3044
3713 3636
3742 3666
4194 3348
4695 4617
4708 4621
4705 4607
3076 4376
3060 4371
2692 2203
2680 2212
2704 2196
5533 1518
5613 1448
5628 1436
6099 2379
3218 4139
3697 817
4296 3656
4138 3293
4139 3287
1781 3801
1649 3765
1756 3811
1777 3813
1525 3742
3834 3964
6737 1934
6613 1963
5638 1499
5574 1538
4296 2359
4285 2362
6394 1891
4532 2206
4550 2214
5112 1309
5136 1316
2824 4230
2785 4273
2812 4227
2982 2853
2966 2828
4792 2716
1307 3715
1238 3722
1381 3737
1343 3742
3353 3397
3807 2898
3869 3127
3857 3160
3854 3126
3866 3115
3681 1011
5533 1565
1628 1518
1613 1488
2036 4409
4174 3877
2024 4449
3204 3369
4811 4025
4819 4003
4799 4016
2317 581
544 2438
1921 2139
1888 2121
1939 2152
1935 2142
1922 2158
2326 558
4198 3900
3562 1088
3575 1094
3002 4134
4707 2896
3898 3825
4150 3335
4205 3370
3860 3178
2741 4328
3251 3242
3847 4663
3720 1935
3075 2939
3794 3966
3129 3310
1470 2793
2727 3925
1529 606
1545 601
3106 4662
3150 2466
0 1
0 2
0 3
2 4
2 5
3 6
3 7
3 8
9 4
9 10
10 11
10 12
10 13
10 14
10 15
10 16
10 17
10 18
10 19
20 21
20 22
20 23
24 25
24 26
24 27
24 28
24 29
24 30
24 31
25 32
25 33
26 34
26 35
26 36
26 37
26 38
26 39
26 40
26 41
28 42
28 43
44 45
45 46
45 47
45 48
45 49
45 50
51 52
52 53
52 54
55 56
57 58
57 59
57 60
57 61
57 62
57 63
57 64
57 65
66 67
67 68
67 69
67 70
67 71
67 72
67 73
67 74
67 75
67 76
77 78
77 79
80 81
80 82
80 83
80 41
80 84
80 85
86 87
87 88
87 89
87 90
91 92
92 93
69 94
69 95
69 96
73 97
74 98
76 99
76 100
76 101
102 103
102 104
103 105
104 106
104 59
104 107
104 108
104 109
110 111
111 112
111 113
111 114
111 115
111 116
111 117
111 118
111 119
111 120
111 121
111 122
111 123
111 124
125 126
125 95
125 127
95 128
95 129
95 130
95 131
95 132
95 133
95 134
95 135
95 136
95 137
95 138
95 139
95 140
95 141
95 142
95 143
95 144
95 145
95 146
95 147
95 148
95 149
95 150
95 151
95 152
95 153
95 154
95 155
95 156
95 157
95 158
95 159
95 160
95 161
95 162
95 163
164 165
164 166
165 167
166 168
169 170
169 171
169 172
173 174
174 175
174 176
174 177
174 178
174 179
174 180
174 181
174 182
174 183
174 145
174 184
174 185
174 186
174 187
174 188
189 190
190 191
190 192
193 194
195 113
113 196
113 197
113 198
113 199
113 200
113 201
113 202
113 203
113 204
113 205
113 206
113 207
113 208
113 209
113 210
113 211
113 212
113 213
113 214
113 215
113 216
113 217
113 218
219 220
221 145
145 222
145 223
145 224
145 225
145 226
145 227
145 228
145 229
145 230
145 231
145 232
145 233
145 234
145 235
145 236
145 172
145 237
145 238
145 239
145 240
145 241
145 22
145 242
145 243
145 244
145 245
145 246
145 247
145 248
145 249
145 250
145 251
145 252
145 253
145 254
145 255
145 256
145 257
145 258
145 259
145 260
145 261
145 262
145 263
145 264
145 265
145 266
145 267
145 268
145 269
270 271
270 272
271 273
272 274
272 275
276 277
277 278
277 279
277 280
277 281
277 282
277 283
277 284
277 285
277 286
277 287
277 288
277 289
277 290
277 291
277 292
277 293
277 294
295 296
296 297
298 299
298 300
299 301
299 302
300 303
300 304
268 305
268 306
268 307
268 308
268 309
268 310
268 274
268 311
268 312
268 313
268 314
268 315
268 316
268 317
268 318
319 320
319 321
319 322
319 323
319 324
319 325
320 326
320 327
322 328
322 239
323 329
323 330
323 331
323 332
323 333
323 334
325 335
98 336
98 337
98 338
98 339
336 340
336 341
336 342
337 343
344 345
344 346
347 348
349 332
332 350
332 351
332 352
332 353
332 354
99 355
99 356
99 357
357 358
359 360
360 361
360 362
360 363
360 364
360 365
360 366
360 348
367 368
368 369
368 370
371 372
372 373
372 374
372 375
372 376
372 377
372 378
372 379
372 380
372 381
372 382
372 383
372 384
372 385
372 386
372 387
372 96
372 388
372 389
390 391
390 392
390 393
390 394
390 395
392 396
393 397
393 398
393 399
393 400
393 401
394 402
403 404
403 405
403 406
407 218
218 348
218 408
218 409
218 410
218 411
218 412
218 413
218 414
218 415
373 416
416 417
418 419
418 420
419 421
420 422
420 423
420 424
420 425
420 426
420 427
420 428
374 429
97 430
431 432
431 433
432 434
435 172
172 436
172 437
172 41
172 438
172 439
172 440
172 441
172 442
172 443
444 445
445 147
445 446
447 380
448 146
449 450
450 451
450 452
305 453
305 454
305 455
453 456
453 457
453 458
453 459
453 460
453 461
453 462
453 463
453 464
453 465
466 467
467 468
467 469
470 471
471 472
473 474
474 475
474 476
477 478
478 479
478 480
94 481
94 482
94 483
94 484
94 485
96 486
96 487
96 488
96 489
96 490
96 19
96 491
96 492
96 493
494 487
487 220
487 495
487 496
175 497
175 469
175 498
175 499
175 500
469 501
469 502
469 503
469 504
469 505
469 506
469 507
499 508
500 509
297 510
404 511
404 512
511 513
511 514
515 301
516 12
168 517
168 348
168 518
517 519
517 520
348 521
348 522
348 523
348 524
348 525
348 526
348 527
348 528
529 217
220 530
531 532
533 534
534 535
534 536
534 537
534 538
534 539
422 540
422 541
422 542
422 543
422 544
422 545
422 546
422 547
422 548
422 549
550 496
496 551
496 552
496 553
554 555
554 556
556 557
556 182
556 558
556 559
556 560
556 346
556 561
11 562
11 563
11 564
558 565
558 566
537 567
537 568
537 569
537 570
537 571
537 572
537 401
537 423
537 573
537 574
537 575
279 576
427 577
427 532
578 154
154 579
580 581
581 582
581 12
581 452
583 584
583 585
584 586
584 587
584 588
584 589
590 575
575 591
575 592
575 593
594 595
595 88
595 596
595 597
595 598
599 56
56 600
56 601
56 303
405 22
405 602
405 603
405 604
405 605
488 606
280 607
280 608
280 609
280 610
280 611
280 612
280 613
280 614
280 615
609 616
614 617
614 399
618 619
618 362
619 620
362 621
362 622
362 623
624 215
215 625
215 626
215 627
215 628
215 182
215 629
215 630
215 631
215 632
215 633
215 634
215 635
636 423
423 637
423 638
423 639
423 640
423 641
423 642
423 643
423 644
423 645
423 646
423 647
423 480
423 648
423 649
423 650
423 651
423 652
653 654
653 655
655 656
655 657
655 192
655 658
655 659
660 661
660 41
41 662
41 663
41 664
41 665
41 666
41 667
41 668
41 669
41 670
41 671
41 672
41 673
674 675
675 676
677 678
678 679
678 259
678 680
625 681
625 682
625 683
684 685
684 686
684 481
686 687
688 484
484 689
484 690
484 691
692 693
693 694
197 695
695 696
697 698
698 699
700 701
700 702
702 370
703 704
704 694
704 152
88 705
88 706
88 707
705 708
706 638
706 709
706 710
706 711
712 713
712 714
713 715
713 716
717 587
587 544
587 718
265 719
265 720
265 721
265 722
265 723
265 724
265 725
265 726
727 728
727 729
729 60
457 730
457 731
731 732
201 510
207 733
208 734
208 735
211 736
211 737
216 738
739 740
739 385
34 741
742 743
743 744
745 116
116 746
747 442
442 748
442 749
442 750
751 752
752 753
754 245
755 756
755 757
755 758
755 759
755 760
755 761
755 762
760 763
762 764
762 18
762 765
762 766
767 284
284 768
769 770
769 771
770 772
770 773
770 774
770 775
771 776
777 778
777 679
777 779
378 780
781 782
782 783
782 784
782 785
782 786
787 788
787 465
788 789
788 790
788 791
788 792
788 793
788 794
788 795
796 797
47 472
47 798
47 799
47 800
48 801
48 802
48 803
48 804
48 805
49 806
49 807
49 808
49 809
49 247
810 182
182 811
182 812
182 813
182 814
182 815
182 816
182 817
182 818
819 260
137 820
137 821
822 823
823 824
282 825
282 826
283 827
288 828
290 829
290 830
290 831
290 832
290 786
290 833
290 834
290 835
290 346
290 836
291 837
291 838
293 839
472 840
559 841
559 842
346 60
346 843
346 844
346 845
346 846
847 544
848 597
597 849
228 850
228 851
228 852
228 853
228 854
228 855
854 856
857 858
858 859
858 860
861 862
862 194
862 863
864 33
865 380
866 867
867 541
867 868
867 869
867 870
867 871
775 872
775 147
775 873
775 874
875 505
505 876
505 877
878 879
879 880
879 824
879 881
882 883
883 884
744 856
856 885
163 886
163 887
888 439
439 889
439 890
439 891
147 699
446 892
638 893
638 894
638 895
638 896
893 897
895 898
895 476
895 899
900 311
786 901
22 902
22 903
22 904
22 905
22 906
22 907
908 93
93 601
93 909
503 753
910 493
493 911
912 913
913 801
914 915
915 916
915 723
915 917
915 918
919 920
920 536
328 921
922 341
923 924
923 925
923 926
885 927
927 928
929 311
929 930
311 931
311 932
311 933
311 934
311 935
311 936
930 937
938 192
192 939
192 524
192 940
192 941
192 942
940 943
461 944
939 945
946 588
588 947
588 824
596 948
596 949
596 950
950 951
950 952
950 953
592 954
955 524
656 956
956 957
958 959
959 329
960 304
304 961
304 962
304 963
304 964
901 965
966 967
966 968
967 969
970 942
942 971
942 972
942 973
942 974
975 836
976 63
977 978
978 263
979 59
59 980
59 981
59 982
983 23
984 985
985 19
986 151
132 987
988 989
988 849
989 990
849 991
849 992
849 993
676 994
676 995
676 863
676 274
863 996
863 997
863 998
274 999
274 1000
801 1001
801 1002
801 1003
1004 180
1004 1005
1004 1006
1007 891
180 1008
541 1009
541 1010
541 1011
924 1012
924 185
626 1013
1014 808
808 1015
1016 480
480 1017
480 1018
480 1019
1020 1021
1020 153
153 1022
1023 1024
1023 569
569 1025
569 1026
1027 1028
1028 428
1029 764
750 1030
750 1031
426 1032
1033 753
753 884
1034 884
884 1035
884 1036
884 1037
1038 184
1039 998
998 1040
1041 1042
1041 802
1041 1043
802 1044
134 1045
1045 1046
1045 1047
996 1048
1049 1050
1050 60
1050 1051
1050 1052
1050 1053
399 1054
399 1055
999 1056
999 1057
999 1058
999 1059
1058 1060
1058 1061
897 1062
897 1063
1063 1064
1065 1066
330 1067
334 1068
1068 1069
1068 797
797 54
1070 60
60 1071
1061 1072
1061 1073
179 1074
1075 627
907 1076
907 1077
907 1078
907 1079
536 1080
536 1081
538 1082
538 1083
539 1084
1085 303
303 1086
1087 860
860 1088
860 1089
860 1090
860 1091
310 1092
310 1093
1072 1094
1095 1096
1096 1097
1096 1098
1096 1099
1100 1101
1101 387
699 1102
699 1103
699 1104
699 1105
1105 1106
1107 1108
1108 1109
1108 1110
370 906
370 1111
370 1112
906 1113
525 1114
1115 491
1116 911
911 1117
1118 18
15 1119
1120 247
408 1121
1122 1123
1122 1124
1124 64
824 1088
881 1125
139 1126
1126 1127
1126 1128
1129 441
549 1130
549 1131
1132 687
1133 763
82 1110
1110 1134
1135 476
1136 792
1136 1137
1138 574
491 1139
491 1140
491 1141
491 1142
491 1143
1144 735
1145 716
716 544
716 1146
1147 259
259 1148
259 1098
259 1149
1150 749
1084 1151
239 1152
239 1153
239 434
239 1154
239 1155
1153 1156
1157 646
1157 1158
1159 723
1160 951
951 1161
951 1162
1026 1163
1026 1164
631 1165
631 1166
631 1167
1168 386
1168 1169
1169 1170
430 1171
571 1172
1044 1173
898 1174
724 1175
724 1176
1109 1177
1109 1178
1177 1179
1177 1180
1178 1181
1182 1113
1066 1183
1183 1184
342 1184
1185 1186
1186 383
1187 547
547 1188
859 1189
544 1190
544 1191
19 1192
19 1193
1194 401
401 1195
401 1196
933 1197
935 1198
144 1199
1200 1201
1200 1202
1203 1202
1202 1181
78 1204
78 648
250 1205
266 1206
266 1207
266 1208
266 1209
803 1210
1211 383
1212 909
1212 1213
601 353
1054 1214
710 1215
1214 1216
1217 680
1218 795
795 1219
795 1220
1035 1221
64 1222
1223 1224
1223 353
353 1225
353 1226
353 1227
353 969
1228 1037
1215 1229
798 1230
798 1231
37 1232
1233 160
1234 1078
1235 1236
1235 726
1207 1237
1238 1195
1098 1239
973 1240
807 1241
415 1242
1243 605
1244 79
845 1245
84 1246
1247 962
962 1248
1083 1249
1250 187
