43
12847 29329
21541 24749
13891 22571
13323 26944
7544 29093
19681 11580
18440 17845
5057 14415
17222 1136
12429 19174
13484 19691
28481 21356
10788 12661
25986 26226
21557 12211
20484 330
18812 14972
15742 23010
12739 2641
6458 18839
13822 16458
11191 2001
27990 5890
11419 3358
26992 3005
4891 21525
4992 14092
6380 11982
13078 11680
19313 22587
12496 19290
15136 19504
4407 22731
22533 8462
3161 5425
29692 1857
248 14375
14890 9341
8952 20078
17986 17933
23048 8714
26351 8019
26868 11803
0 1
2 3
2 4
5 6
3 7
8 9
8 10
8 7
8 11
6 12
6 13
7 14
7 15
7 16
7 17
7 18
7 19
7 20
21 22
21 23
20 24
25 26
26 15
27 28
29 30
29 31
13 28
14 32
14 33
24 34
9 35
36 10
36 37
38 31
38 39
22 40
40 30
12 10
39 41
39 42
23 37
37 1
