615
24762 22200
3096 21994
17331 7577
2919 15270
11763 25895
17268 22602
5692 26036
9346 11432
1067 28899
4869 21388
9193 21844
23624 27099
27603 19760
935 9237
22446 17264
8132 6089
26028 11105
11544 8027
2405 5692
29313 15488
14980 13950
3603 5915
22679 18065
24291 4041
6144 19284
13777 14511
727 11150
7734 21930
15400 7902
15398 8164
12641 5840
16948 10583
12091 18058
18668 10374
9019 11358
22362 2527
15618 404
524 1063
20026 22690
23167 8217
26174 2356
13718 23872
15169 1550
13731 3799
20026 9915
5044 6907
28379 12866
7297 26602
14957 25338
20001 25445
20234 8635
12855 12773
1583 14675
27290 15467
3379 11964
19726 23836
19377 24161
16481 14656
13773 8542
6586 15795
17804 9538
29277 19907
9561 3130
19175 4836
26462 22497
9897 12047
26395 19873
14573 22338
20291 6400
22772 11362
28770 7677
29312 3079
14416 24600
12025 13687
24573 19675
18867 22552
5420 28492
13453 10966
11917 25268
5665 3980
2720 22264
23032 6751
17596 25414
1511 25107
24735 2138
673 11680
18395 26353
7102 28748
24636 3903
814 12794
21681 29513
23339 27868
28469 1850
8325 16753
9356 13040
22808 26716
28343 8098
19189 17701
18751 5687
16042 5212
4506 22729
13026 19924
4015 23043
5749 23631
9984 6813
26028 22339
23245 6569
11384 15784
16203 25182
16414 29781
6130 26721
24573 12546
12913 25037
9176 5356
6615 4545
6875 24232
10078 19653
14043 3816
21912 3736
74 8905
1923 19786
21720 2902
16162 3633
9032 4517
12959 12931
10754 10501
26571 11765
29583 24892
27398 22459
10082 9906
3902 29026
2831 7341
17514 15280
20272 23400
25590 9201
375 9787
1633 24019
3901 25559
2311 8737
11269 4054
717 3714
5849 2359
2917 26586
25341 6761
1180 4530
24957 657
5025 5993
19796 22046
23885 5671
9920 26464
4466 25928
15677 10688
28701 6857
15328 19092
7577 1926
25820 16902
1485 22657
17456 14427
12902 7491
23755 12437
3000 4709
26448 18545
2117 7702
21654 20202
15563 26511
25531 6727
29497 28877
7089 17066
25978 6502
5003 6374
20840 7331
5625 26219
9336 13485
15975 8975
23121 964
23021 10848
8982 19887
13585 20456
16720 11013
878 18934
12763 20049
3904 183
28143 2398
1986 14949
15423 17197
8415 898
2609 22307
29801 10437
5445 10782
13028 15582
14394 2599
18885 15002
15863 2846
7989 22907
13326 4890
13248 21557
5537 3435
25360 12085
4450 14636
29834 21190
27603 9992
15646 19637
18464 11540
20634 20594
13974 1701
29201 16067
25095 13529
10905 12656
21681 1809
15778 14034
24877 14980
9860 2117
29952 20629
24570 15365
8907 16233
16899 28122
18778 19835
12290 13850
10015 2675
22890 20828
15880 29766
12565 25622
26047 6492
13950 24291
15934 19312
14926 24542
27854 4269
11351 4257
17486 4853
18032 15126
13838 28604
10616 13180
23746 21813
5560 25306
3021 12457
27830 10612
13330 22490
12909 10375
17616 2910
19759 8849
1516 17662
6203 10369
15154 29886
2152 24536
16322 25056
18799 4073
496 22862
29977 21874
884 2898
1169 25889
18211 868
19924 10258
3167 7570
6038 21218
13569 7679
27027 8912
11359 4523
3401 8611
25998 7135
20823 22528
15113 27013
17152 21792
12640 24705
11882 20093
16179 5265
13867 3452
16033 5640
3916 15003
15895 1061
1530 3361
20299 28011
16421 11042
25467 10276
14460 11697
19061 12435
7252 19797
15243 14567
9560 6292
7411 20023
5754 15951
19597 12479
16028 20469
19783 27583
15461 1481
2214 15096
12633 13674
21178 456
23895 1056
4784 11637
470 5732
21502 24898
10816 18468
4601 3890
5559 27933
25114 11508
174 2964
396 11449
23618 321
1306 10473
19623 18402
16580 24157
9673 23595
4680 23846
19139 18140
5116 15821
17395 3452
13128 28075
27292 18362
11323 14192
20051 15034
14284 20864
26739 23781
25955 12416
18959 24289
13217 3074
22978 7988
23230 16320
17970 13551
19408 16976
6268 27349
24269 11458
29801 26538
27699 12133
17650 23362
5510 16202
3842 24736
14849 29484
369 19850
14740 26679
16374 21710
5213 12412
29174 12774
3070 8516
26230 9396
25750 5268
6022 20317
24943 6936
7045 25296
7129 14895
28441 19405
2380 4348
13941 8351
22309 18281
11222 24134
8703 10188
25479 8242
17523 29491
20773 28179
12184 27624
20552 14415
15761 24706
16883 24622
29663 6253
12803 1281
2779 19564
20396 19081
16452 15207
16743 23950
18939 16691
26289 26041
4330 26942
8154 1885
28420 22953
21782 2965
4782 854
8872 6489
17713 26861
11248 6979
929 29618
21199 25047
7718 25302
5690 7423
15452 17207
10703 25784
28184 28449
1747 26293
13120 1871
29301 7085
4426 19439
19127 164
26942 28235
9883 21516
20218 16922
15687 28485
29013 8435
27956 9282
15028 11565
11503 6075
2635 12375
5466 14749
4185 23321
14806 7765
27706 28166
6381 5378
27899 3743
11890 26220
7339 6349
8298 18946
23373 10630
3035 4764
26656 13447
12089 20247
18198 8280
8246 3902
29269 5574
25055 19742
24406 27010
10331 1297
1791 6853
16702 610
27386 3893
11101 22841
5374 22693
24588 23791
11847 26135
19058 767
5932 162
15950 9507
17663 23483
29278 16301
14659 7420
6158 22306
25237 8890
8782 25589
21434 13464
25444 29272
159 2922
3522 11535
16818 28919
24177 12525
27834 2116
17999 28069
16260 2447
636 15490
22987 20976
6113 28360
23098 27079
14608 3378
5378 7096
1735 20728
923 24643
360 19401
15345 7665
29025 28727
17848 25118
27460 22898
22302 3767
11691 8787
19396 17680
27607 2120
28414 8838
8445 18662
28863 4532
28842 11653
519 8182
11702 2011
28197 11819
19697 10839
22091 6616
20385 26910
14051 4557
20561 2702
12682 24188
17536 10127
28789 4436
29364 11229
13854 25811
20261 28900
19288 24114
20772 13612
9795 255
2706 27952
24313 6923
270 4218
17422 24464
9061 4557
14663 24179
22724 647
15219 11581
7947 195
27786 4185
29658 28972
9456 11424
4437 19762
10490 929
17642 3665
19315 12117
24720 21069
19972 12374
20984 9773
23240 27982
10150 26640
3865 29619
28481 6134
1872 2577
16728 22967
7246 12248
11051 24471
13347 14233
15356 28600
12890 23345
7486 11113
912 2841
16356 21991
10676 28453
13321 4328
25910 10922
22422 22742
4719 596
16264 19959
23174 16014
2631 19019
26682 26123
8254 12572
2564 22108
11430 1640
2435 16035
19726 23349
14556 7798
23218 12021
21079 24402
24673 24578
27648 8022
264 4492
22397 12507
28510 10215
12958 12652
18364 27759
17568 26211
17327 19971
2753 14130
12019 13548
26458 21195
14006 15396
23687 117
21796 24765
20752 23623
26559 24364
2401 4008
8447 28457
23102 14829
5519 27728
13751 23865
11192 29533
15512 10714
28415 6893
25312 15972
12148 7449
27565 10464
22804 26991
25550 16767
14337 8968
6799 25731
16642 24031
27400 17963
5244 1502
27149 10583
5795 26759
27108 819
1102 8404
16357 24469
13887 26312
22009 10166
24352 24146
21044 23200
18965 17560
23702 15621
10144 11953
14794 24617
20575 17961
23803 891
15237 4322
28457 2609
7316 1616
25587 6564
12022 17156
10982 11894
24135 14895
24936 1899
19092 19753
14405 29758
7372 26661
18904 8579
29985 9000
23813 8873
3294 19807
20393 12803
18525 19804
15304 2761
21625 21655
28343 10408
10734 2336
1005 2875
4747 5860
14193 13185
8012 17768
28602 18929
8161 13451
17626 6615
15439 8088
20308 12643
6714 5357
24297 20345
27785 13027
21703 9405
29280 7140
4806 25941
28267 27930
10547 13007
1526 13454
18112 25125
12312 21679
20094 11913
12493 25782
10714 3133
0 1
0 2
0 3
2 4
5 4
5 6
6 7
6 8
6 9
6 10
6 11
6 12
13 14
13 15
16 17
16 18
16 19
16 20
17 21
18 22
18 23
18 24
25 26
25 27
25 28
25 29
30 31
32 33
32 34
32 35
32 36
32 37
38 39
38 40
38 41
38 42
38 43
44 45
44 46
47 48
47 24
47 49
50 51
52 53
53 54
39 55
39 56
39 57
40 58
41 59
43 60
61 62
61 63
62 64
63 33
63 65
66 67
67 68
67 69
67 70
67 71
67 72
73 56
56 74
56 75
56 76
56 77
56 78
56 79
56 80
56 81
56 82
56 83
56 84
56 85
56 86
56 87
56 88
56 89
56 90
56 91
56 92
56 93
56 94
56 95
56 96
56 97
98 99
98 100
100 101
102 103
102 104
102 105
106 107
107 108
107 109
107 110
107 111
107 112
107 83
107 113
107 114
115 116
68 117
68 118
68 119
68 120
68 121
68 122
68 123
68 124
68 125
68 126
68 127
68 128
68 129
68 130
131 132
83 133
83 134
83 135
83 136
83 137
83 105
83 138
83 139
83 140
83 141
83 14
83 142
83 143
83 144
83 145
83 146
83 147
83 148
83 149
83 150
83 151
83 152
83 153
83 154
83 155
156 157
156 158
157 159
158 160
161 162
162 163
162 164
162 165
162 166
162 167
162 168
162 169
162 170
171 172
173 174
173 175
174 176
175 177
175 178
155 179
155 180
155 181
155 160
155 182
155 183
155 184
155 185
186 187
186 188
186 189
186 190
186 191
187 192
188 140
189 193
189 194
189 195
59 196
197 198
197 199
200 201
194 202
60 203
60 204
205 206
205 201
207 208
209 210
209 211
209 212
209 213
209 214
209 215
209 216
209 217
209 218
209 219
209 220
209 221
209 57
209 222
223 224
223 225
223 226
223 227
223 228
226 229
226 230
226 231
226 232
233 234
233 235
233 236
237 130
130 201
130 238
130 239
130 240
210 241
241 242
243 244
243 245
244 246
245 247
245 248
245 249
245 250
245 251
252 253
254 105
105 24
105 255
105 256
105 257
105 258
105 259
260 261
261 85
262 214
263 264
179 265
265 266
265 267
265 268
269 270
271 272
273 274
273 275
276 277
276 278
55 279
55 280
55 281
55 282
57 283
57 12
57 284
57 285
283 132
283 286
283 287
108 270
108 288
270 289
270 290
270 291
270 292
172 293
234 294
294 295
296 8
101 297
101 201
297 298
201 299
201 300
201 301
302 303
302 304
302 305
302 306
247 307
247 308
247 309
247 310
311 112
311 312
311 313
311 199
311 314
7 315
312 316
304 317
304 318
304 319
304 232
304 248
304 320
304 321
304 322
250 323
324 325
325 326
325 8
325 264
327 328
327 329
327 330
331 322
322 332
322 333
334 51
334 335
334 336
334 337
338 339
338 340
338 177
235 14
235 341
235 342
163 343
163 344
163 345
345 230
346 206
127 347
127 348
127 349
127 112
127 350
127 351
127 352
248 353
248 354
248 355
248 356
248 357
248 358
248 278
248 359
248 360
248 361
362 363
362 116
362 364
365 24
24 366
24 367
368 369
368 150
368 370
371 372
371 373
371 279
373 374
282 375
376 377
117 378
379 380
381 382
382 208
383 377
383 89
51 384
51 385
385 354
385 386
385 387
385 388
389 390
390 391
329 308
152 392
152 393
152 394
152 395
152 396
397 398
398 34
120 293
122 399
123 400
123 401
402 219
403 404
258 405
258 406
258 407
408 409
409 410
411 412
411 413
411 414
412 415
414 416
414 11
414 417
418 419
420 369
421 422
421 423
424 425
424 268
425 426
425 427
26 272
26 428
27 429
27 430
27 431
28 432
28 433
28 143
112 434
112 435
79 436
169 437
169 423
169 438
169 199
169 439
272 440
199 34
199 441
199 442
443 308
336 444
135 445
135 446
135 447
447 448
449 450
450 451
452 453
452 454
455 214
456 457
457 307
457 458
457 459
419 460
419 85
419 461
462 291
463 464
463 465
463 466
467 468
404 448
255 469
255 470
85 380
354 471
354 472
354 473
354 474
471 475
473 476
473 275
473 477
423 478
14 479
14 480
14 481
482 54
54 340
289 410
483 285
285 484
485 429
486 487
487 393
488 489
488 490
491 182
491 492
182 493
182 494
182 495
496 116
116 497
116 300
116 498
497 499
330 500
330 465
335 501
501 502
501 503
504 193
178 505
506 507
507 508
509 498
498 510
511 439
512 513
513 151
33 514
515 12
516 88
444 517
518 454
518 160
160 519
160 520
429 521
429 522
429 523
524 110
524 525
524 526
307 527
307 528
489 529
489 114
433 530
278 531
278 532
278 533
534 90
535 317
317 536
537 251
407 538
410 468
539 468
468 540
541 542
541 430
541 543
430 544
77 545
546 547
547 34
547 548
230 549
230 550
519 551
519 552
552 553
195 554
554 555
555 31
553 556
553 557
481 558
559 451
451 560
451 561
181 562
563 564
565 566
566 567
566 568
208 480
208 569
480 570
571 284
572 11
573 37
465 560
81 574
574 575
310 576
48 568
568 577
578 426
579 401
391 308
150 580
150 564
140 581
140 253
140 582
583 357
583 584
502 585
502 586
536 587
350 588
589 220
589 590
567 591
567 592
592 593
594 217
595 309
308 596
12 597
232 598
232 599
600 601
600 602
602 593
45 359
146 603
153 604
605 217
340 202
549 606
202 607
202 608
202 508
428 609
22 610
611 95
612 558
613 598
49 614
