126
636 4769
19056 16738
21325 23919
11874 9953
16723 14981
3598 18442
9419 17860
28025 2916
12569 9734
15621 1743
16814 14772
20476 20483
19174 21050
4251 21628
1988 11207
8454 5686
15050 21248
20739 11720
14255 23411
21291 4513
22176 26350
11374 11750
27656 23981
2545 20982
5394 8575
7734 7535
8428 8264
19164 17098
2048 11105
24873 11137
29403 16336
24689 28270
20904 23838
12616 28572
1219 15720
21775 3800
15633 13664
26206 29457
8886 7079
661 22281
23452 23734
10634 18297
21384 24445
2394 699
2845 19715
24470 18931
10721 14876
14684 18218
3033 28640
24603 4550
7508 5507
9053 16647
21071 27230
18923 2081
5807 5717
3531 26598
4669 4142
15139 14339
894 287
5883 22128
10231 7632
16711 15615
17227 3689
4032 19634
16100 2521
26564 20502
11598 7846
2726 9361
27853 27858
19634 23166
20939 19160
5863 5909
5439 26106
20753 3546
18539 5135
26189 14382
21780 24973
7513 15034
7577 13658
13394 16029
12337 5674
15414 5106
23766 2069
6035 20430
13554 1935
14413 7678
11629 10297
599 21378
27525 23420
7739 1171
19856 2426
7708 26849
21233 8858
18871 7855
23239 23800
25312 10502
18384 16630
15415 8739
10687 19363
9208 23985
17921 6391
11159 470
20836 12048
7256 24258
15542 9157
24481 9108
26924 10324
2022 4893
21280 21390
6281 22551
16069 21575
24057 16823
19795 27942
12533 17780
18466 25098
26284 23531
4527 13065
11230 8488
2101 9473
5228 8506
3933 23873
17996 3081
2279 7404
13559 1303
7486 16921
15031 13437
0 1
0 2
0 3
4 5
4 6
7 8
9 10
9 11
12 13
12 14
15 8
16 17
16 18
16 19
20 13
21 22
18 23
18 24
18 25
18 26
27 28
29 30
29 31
29 32
29 23
29 33
29 34
22 35
22 36
22 37
22 38
23 39
23 28
23 40
23 5
23 41
23 42
23 43
23 44
23 45
23 46
23 47
48 49
48 50
48 51
48 52
47 53
47 54
55 56
55 57
56 40
58 59
60 61
60 62
63 64
65 19
66 67
67 68
67 69
38 62
70 71
70 72
70 73
28 8
28 74
28 75
53 76
76 77
78 79
17 80
19 81
19 3
30 79
79 82
62 83
84 85
84 86
71 87
71 88
89 32
89 90
89 59
86 69
86 72
91 92
91 93
94 95
96 5
49 97
97 68
37 98
37 32
72 99
72 100
72 101
72 102
103 104
105 43
106 80
95 107
107 99
92 88
45 108
109 14
110 111
111 2
112 113
114 115
114 77
10 116
11 41
52 117
52 59
59 14
113 24
99 118
5 119
5 120
121 108
104 83
93 122
123 14
64 119
124 88
43 125
