1690
12999 3661
22785 18943
7477 9493
16230 29907
25032 13277
13393 21394
27208 25591
10264 25294
874 12604
9955 6684
9382 12317
16900 3049
5321 29023
22180 4868
6810 795
27448 18691
1917 11600
12958 2578
28836 4700
20006 10857
10016 17748
28776 3047
14390 7464
79 22776
3839 27358
28036 9492
9840 27802
2229 15927
4822 23089
19316 85
25922 24005
494 29748
8502 14121
27988 17212
4392 6186
23640 9162
24668 23191
14865 4719
23326 24667
19884 22495
15785 29046
11715 28235
11644 25748
3848 25471
49 15407
14948 4687
9157 9401
22096 8069
11819 26110
21641 25011
14275 2676
4819 7248
21455 16453
28763 12192
14315 15512
26904 8902
14596 25297
1600 8502
20532 23331
5023 245
24657 17447
20389 4681
7249 19848
7827 5340
26177 21861
26162 26050
3663 2377
11181 26940
11990 18072
24702 13591
18386 23778
7241 24941
21007 10726
24118 26656
5799 10500
15983 29884
15895 22013
20904 24176
3806 26786
16101 7172
16059 5275
3723 23235
8657 19968
13510 6863
5076 10424
5483 12410
6773 21382
22138 9720
23908 21685
13113 11343
17668 17863
1959 2888
13273 3440
12789 7899
18420 24485
12933 1244
1109 5155
13012 11856
18548 15970
19071 25713
27991 17390
29294 2548
13681 27997
20692 239
926 3121
28505 25411
12332 13183
14543 28105
27509 19750
16445 14947
11971 11925
469 7725
9836 9227
2651 26278
13034 16430
13505 2285
13773 2024
7612 8830
16285 3629
21861 14696
9053 12609
20738 11676
10011 29898
11542 23312
5636 9133
12593 11013
8988 3953
7430 9910
1927 17767
7502 15282
20054 21641
20738 8365
22654 17193
130 20227
20305 613
27242 6568
23455 4268
29710 2787
29159 230
14555 19698
23076 19388
17607 4443
22537 8576
29404 18541
27237 6347
12831 29018
20954 12435
26944 6309
12683 14059
14064 9630
7857 11907
18268 13293
26128 1415
27405 15126
26681 3879
228 23205
22246 22797
1295 19119
11478 25064
7119 5240
11656 25606
6735 2803
23010 15765
3161 28883
23895 13296
10733 15634
9309 15788
4500 17206
13232 9912
25059 26205
27446 16222
25975 2315
18399 3453
21737 27702
14998 27650
19381 18533
12303 10429
24353 3053
2887 1477
20990 10380
7039 6369
17480 18197
18768 14605
19997 10508
6697 14702
6812 27625
21035 4208
3804 26631
20134 26229
4955 27546
6022 25370
8357 14924
89 17393
26459 13783
19924 23936
16607 18079
8675 7271
18863 28276
23070 26866
29252 23933
17996 12478
7323 18526
6566 19911
23154 7894
18944 7246
24320 2333
14801 29056
1364 1348
5312 24993
26287 3390
22884 21884
13443 26129
17382 14877
15861 7862
12092 17209
26680 12864
29231 12602
22845 5362
18923 16219
6565 2286
16362 2074
23075 10401
20149 27070
9822 18246
19946 16527
29155 10109
4968 24830
6212 28969
564 15475
24719 13761
601 7388
11241 3177
10699 15731
28386 10194
26524 21063
22773 14050
25182 14473
9451 12331
9028 22459
106 26731
20453 10882
26459 19370
15458 2767
28308 9636
3053 13376
3856 12122
22135 23996
10708 25312
23491 12105
15630 7618
15526 6959
15070 6372
5201 5713
12421 2427
9790 23086
15051 5646
20925 17083
25755 25083
16537 14823
3695 4001
26803 12297
9484 16873
23641 14825
19758 20017
9243 29688
29795 24453
10478 27102
22308 18652
17301 18140
11319 12151
14069 4489
24387 1878
28881 27366
25786 1097
16558 29718
25786 13418
5806 2093
28089 19426
16723 10087
2692 3182
23373 18264
14421 27299
20583 20407
17640 1179
22986 19548
28037 25000
14177 28304
26604 5487
12488 8620
2108 628
25283 27744
14589 23156
24359 517
8303 27903
13278 5562
9726 23776
25389 21951
18648 14207
29233 20492
15419 28139
5273 12372
3246 6106
26148 27749
23999 28244
27999 15803
23065 12093
15049 23964
23722 16964
9232 9723
28854 27557
10275 17634
9764 11014
6729 7824
2992 5141
9748 25984
29963 7834
4387 5861
10822 25609
8101 5027
28511 4709
26453 28240
2135 9253
12323 12361
8892 20587
28460 1187
8514 1965
6866 17450
27425 11313
19963 29758
28814 4386
28454 17233
8604 21560
29844 8425
26053 17952
22001 778
3856 5622
11521 6280
12230 2379
24454 4320
1537 27961
9836 9944
1408 24730
16493 11970
20471 29204
11793 22769
25716 18657
10809 1614
1379 27297
22689 28806
4879 242
20199 5553
17411 568
27507 9565
13337 22291
29051 3638
13234 9760
14459 13403
4268 15788
21524 2665
16109 27241
17106 2528
22705 17456
23887 4073
3358 9017
27893 20385
2379 355
14816 16135
16598 11947
8664 20688
18919 27022
3700 23770
6985 15734
23610 8222
9547 21350
20520 27723
21485 21840
4399 22959
27233 25457
7647 13050
4750 16316
27200 21538
5589 27534
21471 15949
5374 8409
4775 23057
13445 11955
27688 16238
19319 7670
159 6232
4612 19463
4546 24295
4837 20372
26518 18346
27110 24795
17283 25232
8230 8929
4865 25071
24906 10004
12248 19766
21666 5077
14726 7491
25357 19729
3211 28254
14268 15694
11737 17240
29960 13336
14192 19659
10822 10099
10462 7591
16275 4482
28891 23121
23947 13485
6837 19487
3683 7934
4333 6802
8112 29615
9799 16201
7594 7149
27890 22305
17040 16715
26542 16500
15132 16753
27668 22597
11817 29367
28986 26495
2357 25129
14999 14897
8117 14875
7262 19461
8968 20097
27642 9986
9272 22348
28079 29030
14936 13647
2536 20301
17293 28526
14734 18971
18228 24548
9118 4311
3191 22693
4530 15511
21172 25401
23122 23975
9787 15740
26388 2194
24482 6036
26560 19071
12972 5893
21945 25405
21406 15289
28071 11240
2312 10585
12043 606
27645 4746
1205 21202
21912 19537
25266 27376
22889 24206
25978 20223
11654 29928
2403 15066
7909 6991
4422 9756
21313 1067
2385 25356
16394 14402
19816 20997
14370 19245
8125 12757
13028 25675
423 9536
7120 9722
19672 20134
29906 6160
12793 8439
11898 7397
14107 13941
7827 9173
25439 10044
3963 4876
29610 18211
18109 3120
7756 21776
15788 29324
16684 2750
6355 21370
24534 1361
18719 25783
28206 12277
7697 2826
9982 29103
15865 7924
23835 17690
12670 26690
11674 28735
10779 28685
14057 26807
22978 3866
12014 25562
28168 4975
3896 28976
6942 18421
17055 21845
4386 29237
6056 11955
19521 2574
6328 5663
10638 14840
26617 19843
4795 22375
1082 1705
12615 2834
5641 29544
15621 1019
6169 25311
28333 2555
26589 27209
16098 7613
7320 20279
1298 10506
966 26467
4715 21206
10348 24477
14139 19431
29406 16923
7244 22877
15120 14335
14323 12447
22505 14756
1074 6476
22264 6842
17111 281
11127 8799
8421 26589
29630 320
14077 20756
6004 26679
2230 6551
10596 735
23591 27378
29367 15690
28889 8135
8045 4346
9581 10230
12222 10309
23326 22199
29862 11899
23151 5672
6560 5505
10550 8311
5232 26538
4411 9255
23534 8498
2766 27929
305 18195
1762 14938
13462 18362
1306 16321
4394 5793
23550 5979
22725 12391
8962 21341
17174 12361
28143 11852
25501 7721
10354 28454
11896 536
773 13791
27436 11368
11409 59
13735 7064
17463 7520
23657 24175
21547 8919
22597 27215
9923 5902
24360 28931
26355 28694
232 23370
1673 24050
6808 15572
23813 16800
9000 27632
12598 519
79 22796
20382 19685
24269 13894
3845 3469
15130 23837
23606 3363
21558 4813
15232 11533
13895 23543
3152 29599
14775 18592
22391 12242
27024 27902
6232 1933
3427 26428
16068 12857
18481 23398
16264 4238
19664 23231
573 21575
26244 4239
9816 9496
15279 28075
9562 5543
26651 25100
8865 5731
16124 5917
29589 27982
6713 12511
23533 21014
4025 3736
12264 18582
29158 18072
22356 27101
14647 11035
2834 10029
8941 2713
20773 6206
25981 13749
20236 21656
4656 16164
20643 22507
10258 24911
27461 19277
10971 13718
6083 6521
23891 11539
27028 20074
23179 11518
20252 18069
15163 19005
14703 9137
23153 13183
25556 9242
6780 27756
16845 10060
7067 24973
18521 27795
29594 1719
28357 5957
21366 21364
10273 2513
27918 12796
29064 18908
19474 1424
17430 4924
26349 1052
6104 2139
19820 9783
8521 23959
2196 6728
17558 7329
16932 27014
17154 4172
3882 3114
6704 18279
21397 29125
7534 915
801 8983
20064 27257
17006 4520
25293 27187
20352 12303
9269 29897
4662 23385
20443 25327
5601 6627
5169 14532
28552 24616
2057 9684
22487 1026
18142 13253
18567 20592
4396 23305
15368 1509
5058 7663
17914 22381
17645 828
7727 23092
5945 24536
11789 28522
7227 2674
3381 12199
4012 6603
7292 2794
28957 5416
26439 8909
3650 10155
17442 25912
8702 13462
16525 6932
21869 3587
22852 3970
12472 26125
16069 5993
1131 4769
19752 26017
18391 12102
29030 9370
27690 28525
25276 16785
16912 9130
21003 17161
8696 26553
5859 550
11216 29569
6240 8012
17805 15322
11890 7408
12429 811
24594 17639
18246 24471
229 22152
7656 14977
12821 12636
12945 7395
12623 22864
8713 11396
93 13042
13457 201
24906 10590
10265 13145
11488 14506
13037 7910
5373 14239
2263 27964
4706 9521
25182 19614
25928 27065
346 21183
26926 11757
9805 9400
19401 24873
6906 925
24977 11284
19641 19684
20675 13845
2462 26426
17541 15899
21235 10105
10324 17124
9493 10486
5029 8797
458 19779
6698 11232
3830 14505
11301 26190
14176 6456
326 9476
21396 16700
7553 14961
17208 27358
16803 19550
10338 22245
16232 7474
20242 8966
20296 9743
3475 23851
2176 28705
25744 18516
16187 8146
25336 26651
4283 13518
20785 6326
15514 3978
26525 12281
15770 1868
25863 9885
22958 7426
20827 18515
28870 130
19030 5499
29216 6304
97 578
15558 549
9242 8439
24321 27397
20010 5937
19161 19581
18767 22261
24715 3180
19788 24280
15841 9293
9290 20951
25730 21148
13707 6235
783 508
12988 24720
16024 9533
6203 1371
14448 22283
23663 24297
19588 10129
10214 12927
2623 3966
6265 22735
13837 7034
6603 20329
9778 18635
27946 8334
5202 29281
13604 23161
13899 25190
8490 1611
24639 26679
4525 18919
7571 23842
9495 29826
14084 20596
22002 688
1054 7435
16487 3277
26700 16375
24371 24881
17574 5025
21099 15106
5896 7020
15051 15331
28005 9959
14677 28092
15489 21985
10389 15754
8414 7265
18718 15239
11038 1581
6104 11283
11825 7359
2004 1510
13412 22951
9666 26069
20825 21860
23686 12266
7269 25369
26351 5079
18342 9587
29388 11797
1861 3826
11961 12410
25601 4197
29456 29062
4067 13727
7041 27523
11595 15457
2903 24608
29496 10126
11185 16214
19807 1077
24280 29494
16066 11281
2123 15532
26669 650
8674 3242
11102 24756
10675 4749
25837 23536
15873 14455
21780 16505
24872 4337
24055 24822
12127 26044
13303 25808
3658 24048
26180 22021
25273 11286
11690 7037
16078 1300
10555 10746
26568 13564
10894 4237
16951 14116
21441 17096
107 13117
21358 23439
25861 20102
24096 9240
6474 11777
4663 29473
28988 12543
8429 5809
28339 11645
11077 18239
28386 2510
17561 3920
20508 14096
24523 4626
2938 18791
14440 6442
5238 26570
8525 8177
20205 9634
388 15757
24658 11085
18683 23617
263 6273
8712 18153
24309 17315
16414 1499
14281 23380
11313 7659
15078 17573
20510 3769
14805 12142
16600 20959
26463 10183
26128 26530
27314 12245
15639 8669
3030 8164
24399 8515
10470 1923
9620 20152
7776 18099
21824 314
27219 10375
22982 12584
22491 3208
18243 9008
9811 3058
2398 11608
29255 3423
9104 18858
28829 7260
12577 17266
29388 482
12739 10809
2031 22590
17915 29130
5947 3004
21317 69
16189 14206
10543 23646
9035 7511
12114 13169
5836 29529
21634 18392
10002 25486
21309 20766
7448 19055
6003 27627
22241 16008
4415 13756
24853 12065
3956 27047
29190 11338
10750 14453
84 19815
19686 29113
20479 10634
20820 23404
19883 25135
29496 7966
26344 29272
13637 14927
20247 26434
15784 27501
404 25127
16385 481
12121 10768
5446 5598
7291 8623
17922 24087
17992 7898
22658 19288
2873 584
6092 23893
27504 29181
10636 3316
15537 22050
23069 6342
22915 11515
28096 16211
20382 23271
18729 15186
16319 17221
14869 26740
15273 134
17048 833
2302 6651
20462 26542
28475 24309
29927 4709
25607 24220
7245 22119
26645 3909
23589 20603
15408 28138
21746 8223
4248 3134
10234 5451
5887 402
18496 21691
3950 4447
6024 6973
17858 16191
12256 3379
5571 4856
28398 21792
13331 26789
16991 23710
14974 3642
12921 15414
20357 9455
2384 19648
23600 13906
16362 18773
21966 26774
3147 13252
8111 15423
15040 22199
16307 23667
16294 8099
1380 680
2558 5267
4704 1773
11386 10385
24570 26607
28368 17312
10191 27614
23892 15427
21618 24909
1016 23348
11839 19350
3067 29218
6587 13857
6861 22093
16277 26106
5654 24065
8102 1985
3345 17103
28459 4550
28472 27855
7679 5439
28390 6786
28207 1579
28211 17992
7362 26731
22189 21544
15269 5187
17911 2964
19749 15980
6093 24899
3569 5322
12592 12809
18525 11391
27036 16453
12039 20871
18840 7243
16889 18355
20682 4392
5002 21528
128 3072
11717 6003
4888 10364
17288 3821
18338 19464
12606 12675
21299 6236
14644 17922
15198 19680
20129 16174
22596 4569
23906 4916
28173 8123
5110 7161
33 4030
7405 4854
28138 19385
1953 17841
24839 5677
806 23710
9138 7711
24852 19210
13697 2393
27995 13146
19886 7131
23457 23782
26871 16406
5764 13462
654 1405
9858 20409
18573 13689
29595 19236
3331 13044
11122 2078
14239 26615
377 28132
23431 19881
19896 27282
25741 18956
5030 9238
11413 15185
920 14441
15013 24670
292 8786
1614 2919
16051 12891
15395 22363
20847 26976
15424 8090
28723 2049
24286 13132
11808 7466
16067 16974
1623 22109
24713 114
4617 13003
10292 19950
8360 17036
20325 2759
5815 10406
2264 19218
3850 19148
4750 16210
29263 1843
29572 8234
25128 8571
3038 16576
14580 2508
1779 9585
13259 419
22335 27905
24320 18229
26798 17695
22547 29675
28751 2666
6288 9665
15828 13877
24601 26048
16589 18700
21419 20006
26240 22071
25590 11984
27096 4547
15677 24635
1230 4758
4248 22447
18133 9075
25546 27494
10848 7745
19305 29795
5691 3089
27372 17659
2554 10827
17347 28817
17554 24604
18443 9934
22164 17570
12305 7475
7426 9590
22015 13448
21276 14713
6021 6351
4091 18753
874 16699
11032 6971
7095 26082
19624 24423
24478 5852
26208 18066
26371 16386
22100 1421
28115 11617
17134 14256
26685 27413
29233 28344
15665 11708
3862 23846
13171 5100
14016 10140
11871 24687
743 21930
1509 4944
24096 18433
22685 10959
2988 25674
2212 345
2083 8549
16580 19469
20316 29666
9138 22268
23512 5259
21597 20729
6567 14073
11541 14904
22683 17489
23156 20753
26619 6095
8620 27247
29415 18977
7520 352
28619 4204
21955 24663
23149 22900
27487 4964
20086 19830
3241 2879
22453 14841
17584 27213
1051 24467
1073 8576
17977 4249
4809 2079
9733 6670
2957 17926
7895 14172
10206 12379
19206 3299
21720 23840
28193 24504
8593 29541
24836 22412
4569 27993
5754 3827
723 8324
16832 4200
16985 17420
19661 6977
23017 25127
2709 14956
29295 13268
24646 11789
9779 25671
23459 5912
3300 13271
11964 3900
17804 29665
9119 22849
28747 27258
222 3248
17662 6210
26848 10997
26206 22600
20634 18348
4646 1790
27682 27928
13040 22582
15187 17683
23946 23952
21827 98
12468 1314
11029 28365
13629 9638
28093 16874
26097 20488
10666 28942
3272 827
19846 29049
7530 6351
4944 3656
24527 582
6734 29519
23028 24118
6490 27114
21584 17412
21546 16057
27079 4846
14050 11559
4554 26861
25747 15580
4648 10766
4980 28077
7820 9219
13983 27969
26307 22921
23447 25831
22010 26357
13740 14362
12755 25782
22074 18855
27498 14956
20379 20284
7986 17195
1501 4717
996 7100
7915 1282
20007 23204
21005 18015
12434 13849
5307 28846
1833 12324
6282 7985
15295 10633
29217 24402
5606 16809
14914 29757
26627 12517
9615 21532
785 16979
6644 12382
19630 25553
6995 1337
8427 16809
6329 24744
3446 8568
2371 23324
20338 29846
28811 8215
26155 9827
15757 22551
28974 382
9163 12710
2857 5407
24985 2622
28116 15491
13762 26488
27810 19302
24225 15400
17399 20347
5842 26561
9135 5705
10419 25812
783 6613
12610 27812
1904 13519
16700 22527
3513 7321
6491 23591
24188 26977
18247 28997
3049 25703
1621 13733
18185 21205
2240 23608
1738 12391
12158 2450
14633 2418
25809 16080
6468 15298
4579 28132
26642 651
483 27307
23535 22416
9407 21804
2160 339
5050 5282
6331 11086
914 7952
14771 19828
26296 677
15791 4334
3225 3806
10151 28430
5721 22488
6523 7479
2514 5465
27561 24627
11180 11469
7713 18447
13636 16927
3627 2016
7280 3240
15744 11006
5615 17665
15494 19258
4304 15991
27357 13562
3749 4155
2977 2625
20171 15233
24281 12349
21313 18842
16005 11397
25246 12497
18087 24400
22417 7437
13961 5270
12197 16212
16154 22293
16008 14751
868 24138
13210 23947
21222 6691
11719 21507
12020 8866
14412 6587
16063 22181
27376 10100
13463 16457
9587 2541
19549 19826
23964 22536
26107 19499
12812 22252
14710 4618
26301 21179
19310 23978
10490 1739
29438 6137
23909 10508
17031 27217
23160 16878
3592 2645
12648 12871
3175 1119
8488 13351
10615 26658
28843 18714
16273 381
1271 8731
20848 20939
21897 19059
9483 218
26236 18795
14717 12166
14612 27787
5310 21880
7546 1586
13988 21487
7464 4383
28062 28039
2608 12892
18328 23780
22805 25763
27266 23098
14600 2352
10806 287
5164 25196
25390 21316
17548 11742
25048 26640
29822 21822
22295 4292
16279 1134
16806 21521
13116 2504
3774 5900
23413 5333
22111 25181
264 16616
23312 15837
17400 29588
26034 2415
2435 24099
26360 9402
25951 14962
5979 6171
21664 26996
20605 6020
25873 1609
11114 23832
28279 14147
684 24486
20955 11699
28811 6967
183 9213
20232 22408
10603 19067
22127 12119
17615 19726
23821 15064
19331 5024
8896 3698
25382 28892
18779 22019
12035 8203
23340 16661
23592 8340
14734 6646
21094 24369
21176 17029
15351 775
4109 5181
2697 22343
29661 7401
23121 15539
21622 18167
28146 4343
14312 12887
10112 3988
1168 12549
23838 16209
14649 24116
4780 15303
17523 14432
14773 4594
9343 24504
20214 21631
25804 14792
4732 22051
17634 19812
28377 1930
284 10255
7372 4338
12849 8942
1433 3999
10634 17865
11544 3465
7730 26477
990 16122
27743 27297
5455 14247
26590 13834
15099 2710
17142 11382
20043 6939
23544 20270
23271 2383
4706 15935
11477 3281
14607 27196
19336 18692
10175 2867
7637 28191
29417 5580
24325 13844
23425 6446
7223 12975
21935 2360
26743 25764
27174 5730
20846 10721
11022 29051
29269 17796
17612 9382
2442 1141
16027 12415
18462 18279
978 16580
2231 10243
3512 17268
3024 25464
28105 12424
15154 6093
12315 13376
16781 25402
17310 2015
8347 19234
11511 4929
385 13124
19158 28901
23334 22870
9711 26177
22411 318
27066 18903
5987 5643
3941 3751
16038 13192
22919 19706
9258 11043
27726 5053
23332 22734
2271 3307
27501 3352
22396 24312
27668 23890
14401 25162
3735 1887
2459 6954
8767 270
7190 436
24279 23502
2647 20468
9606 27125
13800 2033
26428 13212
8238 27254
21233 15814
14282 6416
19555 25418
22542 13929
2252 6948
25794 2224
12518 13456
20286 11667
11212 20832
21892 15291
4761 14573
6174 14835
22991 21164
12830 6121
17629 18619
24657 24935
12734 20421
8192 5861
13016 5323
25748 3247
6756 15257
20641 15701
26988 17346
16057 24473
11379 13731
23662 8776
7804 1327
29701 3109
5101 7736
22839 6503
2604 25406
12985 19090
22541 5838
11159 17946
21846 2068
18580 14509
21804 21412
28339 15029
10491 4200
24343 9283
9418 16876
4949 26219
23974 3040
22207 8143
13050 5575
2837 15160
10337 26473
20468 10426
22289 27241
14008 14445
29708 7429
24326 2202
7827 17103
21841 15906
287 9411
11438 18452
13057 16206
2916 12628
8476 25765
18179 8502
11873 19017
12939 7391
22531 10983
4377 13948
10551 743
8026 23350
26693 8772
14624 5366
3462 15714
28778 13168
14123 4801
19693 17243
22840 5465
25037 19421
15703 20575
5063 23915
14567 3523
24552 14012
6760 8410
11867 13571
26789 27707
6735 26397
25989 23774
5956 6
26720 9284
16902 11635
10812 9335
2985 29844
5320 14446
24332 20015
23652 25321
3661 1334
11142 876
10905 20558
4506 16558
11341 16671
13344 9570
28677 9790
3304 10521
22316 20527
7787 22746
3602 25097
19345 2520
25711 655
5917 3777
12857 19146
17823 19092
20898 9612
25344 13898
1619 23817
27575 6596
19370 1637
27149 19252
3142 6428
18591 25274
1330 25717
13961 15638
24298 20016
22308 15487
13737 24396
25144 2961
331 6086
21822 6032
29277 12134
6655 12818
22590 8939
24200 15362
29102 9621
3027 25802
8160 1684
0 1
1 2
1 3
4 5
4 6
4 7
5 8
6 9
6 10
7 11
7 12
7 13
14 9
14 15
15 16
15 17
15 18
15 19
15 20
15 21
15 22
15 23
15 24
15 25
15 26
15 27
28 29
29 30
29 31
29 32
33 34
33 35
33 36
33 37
33 38
33 39
33 40
33 41
33 42
35 43
35 44
36 45
36 46
36 47
36 48
36 49
36 50
36 51
36 52
36 53
36 54
36 55
36 56
36 57
39 58
39 59
60 61
61 62
61 63
61 64
61 65
61 66
61 67
61 68
69 70
70 71
70 72
70 73
74 75
75 76
77 78
78 79
78 80
78 81
78 82
78 83
78 84
78 85
78 86
78 87
78 88
78 89
78 90
78 91
78 92
93 2
2 94
2 95
2 96
2 97
2 98
2 99
2 100
2 101
2 102
2 103
2 104
2 105
106 107
107 108
107 109
110 111
111 112
111 113
111 114
111 115
111 116
111 56
111 117
111 118
119 120
120 121
120 122
120 123
124 125
125 126
97 127
97 128
97 129
101 130
102 131
103 132
104 133
104 134
104 135
104 136
137 138
137 139
138 140
139 141
139 83
139 142
139 143
139 144
139 145
146 147
147 148
147 149
147 150
147 151
147 152
147 153
147 154
147 155
147 156
147 157
147 158
147 159
147 160
147 161
147 162
163 164
163 165
163 128
163 166
165 167
128 168
128 169
128 170
128 171
128 172
128 173
128 174
128 175
128 176
128 177
128 178
128 179
128 180
128 181
128 182
128 183
128 184
128 185
128 186
128 187
128 188
128 189
128 190
128 191
128 192
128 193
128 194
128 195
128 196
128 197
128 198
128 199
128 200
128 201
128 202
128 203
128 204
128 205
128 206
128 207
128 208
128 209
210 211
210 212
211 213
212 214
215 216
216 217
216 218
216 219
216 220
221 222
222 223
222 224
222 225
222 226
222 227
222 228
222 229
222 230
222 231
222 232
222 187
222 233
222 234
222 235
222 236
222 237
222 238
222 239
222 240
241 242
242 243
242 244
245 246
246 247
248 149
149 249
149 250
149 251
149 252
149 253
149 254
149 255
149 256
149 257
149 258
149 259
149 260
149 261
149 262
149 263
149 264
149 265
149 266
149 267
149 268
149 269
149 270
149 271
149 272
149 273
149 274
149 275
149 276
149 277
149 278
279 280
280 281
280 282
283 187
187 284
187 285
187 286
187 287
187 288
187 289
187 290
187 291
187 292
187 293
187 294
187 295
187 296
187 297
187 298
187 299
187 220
187 300
187 301
187 302
187 303
187 304
187 305
187 306
187 307
187 31
187 308
187 309
187 310
187 311
187 312
187 313
187 314
187 315
187 316
187 317
187 318
187 319
187 320
187 321
187 322
187 323
187 324
187 325
187 326
187 327
187 328
187 329
187 330
187 331
187 332
187 333
187 334
187 335
187 336
337 338
337 339
338 340
339 341
339 342
343 344
344 345
344 346
344 347
344 348
344 349
344 350
344 351
344 352
344 353
344 354
344 355
344 356
344 357
344 358
344 359
344 360
344 361
344 362
363 364
364 365
168 366
168 367
168 368
369 370
369 371
369 372
370 373
370 374
371 375
371 376
377 334
334 378
334 379
334 380
334 381
334 382
334 383
334 384
334 385
334 386
334 341
334 387
334 388
334 389
334 390
334 391
334 392
334 393
334 394
334 395
334 396
334 397
334 398
399 400
399 401
399 402
399 403
399 404
399 405
399 406
400 407
400 408
400 409
401 410
402 411
402 303
402 412
403 413
403 414
403 415
403 416
403 417
403 418
405 419
405 420
131 421
131 422
131 423
131 424
421 425
421 426
421 427
422 428
423 429
430 431
431 432
431 433
431 434
435 436
436 437
438 416
416 439
416 440
416 441
416 442
416 443
133 444
133 445
133 446
445 447
446 448
449 450
450 451
450 452
450 453
450 454
450 455
450 456
450 457
450 458
450 437
459 460
460 461
460 462
460 463
460 464
465 466
466 467
466 468
466 469
466 470
466 471
466 472
466 473
466 474
466 475
466 476
466 477
466 478
466 479
466 480
466 481
466 482
466 483
466 484
466 485
466 129
466 486
466 487
466 488
466 489
490 491
490 492
490 493
490 494
490 495
490 496
490 497
491 498
492 499
493 500
493 501
493 502
493 503
493 504
493 505
493 506
494 507
495 508
509 510
510 511
510 512
510 513
514 276
276 515
276 516
276 437
276 517
276 518
276 519
276 520
276 521
276 522
276 523
276 524
276 525
276 526
276 527
276 528
468 529
529 530
531 532
532 533
534 535
534 536
534 537
535 538
536 539
536 540
536 541
536 542
536 543
536 544
536 545
469 546
469 547
130 548
549 550
549 551
550 552
553 220
220 554
220 555
220 56
220 556
220 557
220 558
220 559
220 560
220 561
220 562
220 563
220 564
565 566
565 567
566 189
566 568
569 570
570 475
571 188
572 573
573 574
573 575
573 576
378 577
378 578
378 579
378 580
378 581
577 582
577 583
577 584
577 585
577 586
577 587
577 588
577 589
577 590
577 591
577 592
593 594
594 595
594 596
594 597
594 598
594 599
600 601
601 602
603 604
604 605
604 606
607 608
608 609
608 610
127 611
127 612
127 613
127 614
127 615
127 616
129 617
129 618
129 619
129 620
129 621
129 26
129 622
129 623
129 624
129 625
626 618
618 627
618 282
618 628
618 629
223 630
223 631
223 596
223 632
223 633
223 634
596 635
596 636
596 637
596 638
596 639
596 640
596 641
596 642
596 643
596 644
633 645
634 646
647 648
647 365
365 649
650 518
511 651
511 652
651 653
651 654
655 373
656 657
657 17
657 658
214 659
214 437
214 660
659 661
659 662
437 663
437 664
437 665
437 666
437 667
437 668
437 669
437 670
437 671
437 672
437 673
674 275
282 675
676 677
677 678
679 680
680 681
680 682
680 683
680 684
680 685
686 539
539 687
539 688
539 689
539 690
539 691
539 692
539 693
539 694
539 695
539 696
539 697
698 629
629 699
629 700
629 701
702 703
702 704
704 705
704 231
704 706
704 707
704 708
704 434
704 709
704 710
16 711
16 712
16 713
713 714
715 706
706 716
706 717
718 683
683 719
683 720
683 721
683 722
683 723
683 724
683 725
683 506
683 726
683 540
683 727
683 728
683 729
346 730
731 544
544 732
544 678
733 198
198 734
735 526
80 736
737 738
738 739
738 17
738 740
738 576
741 742
741 743
742 744
742 745
742 746
742 747
742 748
749 729
729 750
729 751
729 752
753 754
754 121
754 755
754 756
754 757
754 758
759 76
76 760
76 761
76 762
76 375
763 512
512 31
512 764
512 765
512 766
512 767
512 768
512 769
770 619
619 771
347 772
347 773
347 774
347 775
347 776
347 777
347 778
347 779
347 780
347 781
347 782
347 783
347 784
347 785
347 786
347 787
772 788
776 789
783 790
783 504
289 791
792 793
792 452
793 794
452 795
452 796
452 797
452 798
799 273
273 800
273 801
273 802
273 803
273 231
273 804
273 805
273 806
273 807
273 808
273 809
273 810
811 812
811 540
540 813
540 814
540 815
540 816
540 817
540 818
540 819
540 820
540 821
540 822
540 823
540 824
540 825
540 610
540 826
540 827
540 828
540 829
540 830
831 832
831 833
833 834
833 835
833 836
833 244
833 837
833 838
833 839
813 840
841 352
842 843
842 56
842 844
56 845
56 846
56 847
56 848
56 849
56 850
56 851
56 533
56 852
56 853
56 854
56 855
56 856
56 857
56 858
56 859
56 860
861 862
862 863
864 865
865 866
865 325
865 867
868 800
800 869
800 870
800 871
800 872
873 874
873 875
873 611
875 876
611 877
611 878
879 615
615 880
615 881
615 882
615 883
884 885
885 886
885 887
250 888
888 889
890 891
891 892
893 894
893 895
895 462
895 896
897 881
898 899
899 887
899 196
121 900
121 901
121 902
900 903
901 815
901 904
901 905
901 906
907 908
907 909
908 910
908 911
908 912
913 745
745 691
745 914
814 915
916 331
331 917
331 918
331 919
331 920
331 921
331 922
331 923
331 924
331 925
331 926
927 823
823 928
929 930
929 931
929 932
930 933
930 934
932 935
932 85
583 936
583 937
937 938
255 649
261 939
262 940
262 941
265 942
265 943
274 944
274 945
946 739
739 947
948 949
948 483
483 950
483 951
46 952
953 954
954 955
956 152
152 957
958 562
562 959
562 960
562 961
562 962
963 964
964 965
966 311
311 967
968 969
968 970
968 971
968 972
968 973
968 974
968 975
968 976
968 977
975 978
975 979
975 980
977 981
977 23
977 982
977 983
984 700
985 351
351 986
351 987
988 989
988 990
988 991
989 992
989 993
989 994
989 995
989 996
989 997
991 998
999 1000
1000 1001
1000 866
1000 1002
473 1003
473 1004
473 1005
473 1006
1007 1008
1008 1009
1008 1010
1008 1011
1008 1012
1008 1013
1008 1014
1008 1015
1008 1016
1017 1018
1017 592
1018 1019
1018 1020
1018 1021
1018 1022
1018 1023
1018 1024
1018 1025
1018 1026
1018 1027
1018 1028
1018 1029
592 1030
592 1031
1032 1033
1033 1034
63 602
63 1035
63 1036
63 1037
64 1038
64 1039
64 1040
64 1041
64 1042
64 1043
65 1044
65 1045
65 1046
65 1047
65 1048
65 1049
65 313
65 1050
68 1051
1052 231
231 1053
231 1054
231 1055
231 1056
231 1057
231 1058
231 1059
231 1060
231 1061
1062 326
1063 177
177 1064
177 1065
1066 1067
1067 1068
349 1069
349 1070
350 1071
356 1072
358 1073
358 1074
358 1075
358 1076
358 1077
358 1015
358 1078
358 1079
358 1080
358 434
358 1081
358 1082
359 1083
359 1084
361 1085
602 1086
602 1087
1088 574
707 1089
707 1090
434 85
434 1091
434 1092
434 1093
434 1094
434 1095
434 1096
1097 1098
1098 691
1099 757
757 1100
291 1101
291 1102
291 1103
291 1104
291 1105
291 1106
291 1107
291 1108
291 1109
1107 1110
1111 1112
1112 1113
1112 1114
1115 1116
1116 247
1116 1117
1118 44
1119 1120
1119 475
1120 1121
1122 1123
1123 688
1123 1124
1123 1125
1123 1126
1123 1127
1123 1128
1123 1129
994 1130
997 1131
997 189
997 1132
997 1133
1134 1135
1134 642
642 1136
642 1137
642 1138
1139 1140
1140 1141
1140 1068
1140 1142
1143 1144
1144 1145
955 1110
1110 1146
1110 1147
1148 209
209 1149
209 1150
1151 557
557 1152
557 1153
557 1154
189 892
568 1155
568 1156
815 1157
815 1158
815 1159
815 1160
1157 1161
1159 1162
1159 606
1159 1163
1159 1164
1160 1165
1166 1167
1167 387
1015 1168
1015 1169
1170 31
31 1171
31 1172
31 1173
31 1174
31 1175
31 1176
31 1177
31 1178
1179 126
126 762
126 1180
126 1181
636 1182
640 965
640 1183
640 1184
643 1185
1186 625
625 1187
1053 1188
171 1189
538 1190
1191 1192
1192 1038
1193 1194
1194 1195
1194 922
1194 1196
1194 1197
1194 1198
1199 1200
1200 682
411 1201
17 1202
1203 1204
1204 1205
1204 426
1206 1207
1207 1208
1207 1209
1207 1210
533 1211
1146 1212
1212 1213
661 1214
1215 387
1215 1216
387 1217
387 1218
387 1219
387 1220
387 1221
387 1222
387 1223
1216 1224
1225 244
244 1226
244 666
244 1227
244 1228
244 1229
1230 1227
1227 1231
587 1232
587 1233
587 1234
591 1235
1226 1236
1237 747
747 1238
747 1239
747 1240
747 1241
747 1068
755 1242
755 1243
755 1244
1242 1245
1244 1246
1244 1247
1244 1248
1244 1249
1244 1250
751 1251
1252 1253
1252 666
666 1254
835 1255
1255 1256
1257 1258
1257 1259
1259 413
1259 1260
1261 376
376 1262
376 1263
376 1264
376 1265
376 1266
376 1267
1168 1268
1269 1270
1269 1271
1270 1272
1273 1229
1229 1274
1229 1275
1229 1276
1229 1277
1278 1279
1278 1081
1280 88
1281 1282
1281 1283
1283 329
1283 1284
1285 83
83 1286
83 1287
83 1288
1289 32
1290 1291
1291 26
1292 1293
1292 193
172 1294
1295 1296
1295 1100
1296 1297
1100 1298
1100 1299
1100 1300
863 1301
863 1302
863 1117
863 341
1117 1303
1117 1304
1117 1305
1117 1306
341 1307
341 1308
341 1309
1038 1310
1038 1311
1038 1312
1312 1313
1314 1315
1315 229
1315 1316
1315 1317
18 1318
1319 1154
1320 229
229 1321
688 1322
688 1323
688 1324
1208 1325
1208 236
801 1326
1327 1047
1047 1328
1329 979
1330 610
610 1331
610 1332
610 1333
610 1334
1335 1336
1335 197
197 1337
197 1338
1339 1340
1339 722
1339 1341
722 1342
722 1343
1341 1344
1345 1346
1345 1347
1347 545
1083 1348
1349 981
1350 961
961 1351
961 1352
961 1353
543 1354
1020 1355
1356 965
965 1357
965 1145
1358 1145
1145 1359
1145 1360
1145 1361
1362 235
1363 191
1364 1306
1306 1365
1366 1367
1366 1039
1366 1368
1039 1369
1368 1370
11 1371
174 1372
1372 1373
1372 1374
135 1375
1303 1376
1377 1378
1378 85
1378 1379
1378 1380
1378 1381
1378 1382
1378 1383
1384 504
504 1385
504 1386
504 1387
1307 1388
1307 1389
1307 1390
1307 1391
1390 1392
1390 1393
1390 1394
1161 1395
1161 1396
1396 1397
1396 1398
1399 1400
1400 1401
414 1402
418 1403
418 1404
1403 1405
1403 1034
1034 1406
1034 72
1034 1407
1408 85
85 1409
85 1410
1411 732
732 1412
1393 1413
1393 1414
1415 391
228 1416
1416 1417
1418 802
1419 1178
1178 1420
1178 1421
1178 1422
1178 1423
1178 1424
682 1425
682 1426
682 1427
684 1428
684 1429
685 1430
1431 375
375 1432
375 1433
375 1434
1435 1114
1114 1436
1114 1437
1114 1438
1114 1439
628 1440
384 1441
384 1442
1209 1443
1413 1444
1445 1446
1446 1447
1446 1448
1446 1449
1446 1450
1451 1452
1452 485
1453 723
892 1454
892 1455
892 1456
892 1457
892 1458
1458 1459
1460 1461
1460 1462
1461 1463
1461 1464
462 1465
462 1176
462 1466
462 1467
1176 1468
667 1469
1470 1471
1471 622
1471 1472
1473 1187
1187 1474
1187 1475
959 1476
476 1477
1478 23
1479 20
20 1480
1481 313
517 1482
1483 1484
1483 1485
1485 89
983 1486
1068 1487
1068 1436
1068 1488
1068 1489
1142 1490
179 1491
1491 1492
1491 1493
1491 1494
1491 1495
1077 1496
1497 559
1498 696
696 1499
696 1500
1501 771
847 1502
1503 876
876 1504
1505 980
980 1506
114 1464
1464 1507
123 1508
123 1509
1510 606
1511 1024
1511 1512
1511 1513
1024 1514
1024 1515
1516 728
622 1517
622 1518
622 1519
622 1520
622 1521
1522 1523
1522 941
1287 1524
1525 1526
1525 1527
1525 912
912 691
912 1528
912 1529
1530 807
1531 1518
1532 325
325 1533
325 1448
325 1534
325 1535
1536 1537
1537 1538
1537 960
1430 1539
1539 1540
303 1541
303 1542
303 552
303 1543
303 1544
303 1545
1542 1546
1542 1547
1545 1548
1549 824
1549 1550
1551 922
1552 1248
1248 1553
1248 1554
1343 1555
1343 1556
1343 1557
1558 398
804 1559
806 1560
806 1561
806 1562
1563 484
1563 1564
1564 1565
1566 548
548 1567
724 1568
1369 1569
1493 1570
1162 1571
1163 1572
923 1573
923 1574
1235 1575
1463 1576
1463 1577
1576 1578
1576 1579
1577 1580
1562 1581
1582 1468
1468 1583
1401 1584
1584 1585
427 1585
1586 1587
1587 481
1588 694
694 1589
1113 1590
691 1591
691 1592
501 1593
26 1594
26 1595
1596 506
506 1597
506 1598
506 1599
506 1600
1219 1601
1221 1602
186 1603
1604 1605
1605 1606
1605 1607
1594 1608
1594 1609
866 1610
1611 1612
1611 1607
1607 1613
1607 1580
108 1614
108 1615
108 1616
108 826
1616 1617
316 1618
332 1619
332 1620
332 1621
332 1622
1040 1623
1040 1624
1625 1626
1626 481
1627 1181
1627 1628
762 442
1385 1629
1240 1630
905 1631
1629 1632
1633 867
1634 87
1002 1635
1636 1029
1029 1637
1029 1638
488 1639
1359 1640
89 1641
1642 1424
1643 701
1644 1645
1644 442
442 1646
442 1647
442 1648
442 1272
1649 1361
1650 1272
1631 1651
1520 1652
1035 1653
1035 1654
52 1655
1656 1657
1656 205
1658 1423
1659 1660
1659 926
1620 1661
1662 1571
1663 1664
1664 1597
1448 1665
1448 1666
1276 1667
1668 522
1597 1669
1046 1670
1671 528
528 1672
1317 1673
1674 768
55 1675
1676 109
1677 1095
1095 1678
1679 117
117 1680
623 1681
200 1682
828 1683
1684 1265
1684 1685
1265 1686
767 1687
1429 1688
1689 239
