1251
23234 18122
24851 27582
8741 2448
1553 16604
12929 19129
16892 18174
9028 26823
20457 16724
12353 10909
22664 17926
1050 15927
29649 5596
9722 18345
11647 3663
22434 29093
13486 28337
5739 24803
25519 7046
15116 3850
27962 4285
15363 29757
17698 27542
23473 22407
1593 13819
20492 105
19914 4944
25082 29900
11861 19068
2347 8860
29998 11687
28672 19622
8087 18832
24678 5523
4225 28622
10653 21183
23377 2467
7828 336
8497 2628
14758 17964
26417 13251
7401 25986
15312 11307
14256 29437
16004 21846
8003 20035
986 21119
7445 18998
15856 26371
6242 2182
19238 11965
9936 23673
27656 16801
21646 13757
13518 3622
26810 8645
4471 18120
19330 26866
28290 18652
3423 28199
2070 1146
15163 4616
9775 6655
14270 7681
20650 29241
22450 10951
22405 19822
4579 9313
1918 19894
20010 25142
1282 11181
5899 7577
10496 20170
24400 24087
19981 3233
21603 12248
5744 7016
23678 21691
11720 29872
18994 11164
28954 19433
18877 28407
14583 7961
25057 28953
14283 6772
28179 5644
9362 18020
15431 19819
25122 13894
2944 4905
1032 29950
23034 14621
10742 5214
10080 2979
24696 10717
4582 9409
1032 28013
634 26688
13232 2592
20636 13015
12851 11266
14854 11862
12179 10586
23461 715
18329 19765
3423 5605
21852 1997
7179 27930
28977 20997
15716 28849
8286 13314
29900 17919
12835 24223
11640 7877
4811 24342
2916 17618
18330 14503
10739 12765
3936 16317
17505 12183
6954 12463
7615 9484
12529 8974
24368 16165
8014 3577
2931 19083
28819 24826
14868 14733
20574 7626
8265 2168
10588 5775
19237 20669
26148 26472
2744 11952
24970 17129
7167 4560
26547 7064
25192 3590
13330 26847
16396 12546
8731 27053
29874 19603
1569 27005
29107 7335
26620 27349
10492 7986
26432 29289
20265 2215
17534 15270
4746 10780
10384 11777
13496 12364
26110 12040
4165 17239
17755 16775
8059 8380
11435 20846
26144 15840
8408 26775
6667 10638
5524 23774
5658 22707
10635 8481
5789 5205
28636 22936
24871 5022
1258 11065
449 8306
29613 27628
23388 11714
7741 366
14085 6868
1889 27563
15292 13428
22125 18371
21651 19409
29530 3967
26961 3592
1953 3520
3344 2455
9642 25424
5392 3404
25843 9578
18118 23227
533 11955
19059 17636
18345 7061
6247 1859
13940 16771
1893 15364
2231 21640
16061 21379
1900 26039
20697 10335
3510 8287
12945 10018
30000 1908
13016 8663
3288 14536
20136 7237
22971 26760
6995 1058
5263 3886
18923 8528
6315 3041
18126 18510
14644 27773
12709 804
17113 1243
89 11676
18236 28121
14971 21420
13412 14772
374 5363
27858 23152
21748 5301
20 11825
11609 2284
25860 29422
29106 781
4589 7049
15449 2638
3277 18205
7347 10892
5028 1993
22898 18421
5840 10871
10753 4076
3433 22861
3049 7903
24748 15837
14029 25305
28571 14569
11139 181
12861 16634
11308 28337
2218 8640
6077 12003
9575 19653
12978 23054
9218 20046
16427 3724
14997 11884
23718 24532
24729 19527
2366 16575
13592 28644
11272 7973
29503 1136
12442 4528
3141 24337
13777 22474
25817 26051
20514 24553
23542 151
17649 24535
5008 6116
17940 10682
6130 1403
23027 10738
11456 25144
5842 8906
12060 1316
23451 22033
1536 526
16736 14128
2929 24360
23319 25997
1668 7850
6818 9561
28513 385
18415 13997
14271 24124
22211 17648
17007 16890
896 14285
29144 9156
3552 2603
19874 17803
2095 19481
6504 18505
29678 2181
23114 6094
17630 24036
11138 1270
157 170
28367 24317
27929 14755
22951 19909
26515 11665
24506 5987
13644 19105
10748 1935
4520 4898
28966 9195
773 18608
5631 23926
25272 11474
28590 10833
24131 2178
1199 5611
21528 3735
11678 7687
9707 23138
169 28381
12335 26423
10790 19161
29292 16840
18172 5982
2244 28136
23336 22045
24639 10806
27186 10129
21610 1313
6156 21901
20568 2298
22483 24077
9412 14603
22054 10345
2338 24487
431 17662
23732 3353
27162 29867
16474 7475
9535 16981
22516 17231
11408 24595
15578 28053
29582 23183
5657 10823
1263 9414
27376 9581
24242 4890
4101 8481
6645 10063
22445 19817
12095 484
122 4774
15848 6958
24364 29985
20867 3286
7782 21452
2803 29760
28418 6721
23819 22701
2371 28330
731 9245
21857 6160
3744 6770
17776 11399
3914 12416
24395 6216
26254 7599
2632 28828
4936 26445
11313 18809
6323 20260
3222 15486
10616 5445
24079 25266
3433 23276
5882 18338
15352 22675
18074 13160
19436 6667
9789 27347
25295 2333
20919 5252
2599 21215
6571 20206
2812 14927
5448 12014
6722 2330
15131 3408
6400 2140
7856 10566
22150 22053
18414 23517
13093 7858
3951 27032
23541 20244
20273 16128
11639 4946
23864 19516
22473 15569
7789 21139
12933 27058
2040 663
20331 10969
23801 27398
5802 23059
9706 28117
555 18263
28465 3768
27143 9382
8308 18795
1389 15212
11631 9127
10270 12880
6213 9230
29918 7581
19249 4447
15662 14732
21903 3838
13880 1979
16566 8476
18365 9916
6581 16985
18504 19812
108 9070
4639 1249
18404 7040
25002 5629
15886 5421
19678 15584
6893 22471
28859 26730
5140 19905
22306 10153
8949 1900
29979 11666
20336 6314
2148 16850
7851 11668
28801 26548
3729 21549
20200 10406
21572 24197
6490 6903
10765 26061
26456 9961
3979 1544
18468 28624
13265 9856
2705 22121
5449 27933
23929 25731
27063 10906
21331 19307
13826 8120
18708 25630
3668 3519
1841 7837
23865 13398
12949 4674
5929 28718
12753 28902
9104 11612
2987 19230
8614 11515
21387 9557
26483 18848
9011 9181
15481 11371
8929 11919
24678 9277
351 3792
24733 18075
7796 3369
23511 2194
9349 26988
10471 3306
14501 425
23937 19787
5266 17396
23700 29076
3123 24334
7702 21542
15847 591
1608 1217
2014 18803
21691 16888
24038 959
1849 8794
14829 20784
8689 25113
6343 16286
10078 18302
28055 28170
15518 16741
1149 24009
19567 10673
28122 20782
4411 25740
27839 28061
29493 2270
28213 24660
8518 29320
16177 8629
8824 27143
8826 17490
19854 16460
16714 16594
2228 15231
1638 19460
13450 22951
24362 12842
5905 10568
18898 24120
9440 6861
2728 20198
27046 21856
5871 23657
11255 4863
26230 28409
20293 12122
25214 27877
9271 16315
9326 24387
9062 8165
2893 18744
21824 11156
26927 29080
23604 24581
8435 9668
4303 24217
4455 11567
7629 24146
8229 27657
18525 14675
5527 906
20351 27589
24009 18952
17837 28463
19326 14081
23516 20518
2376 23110
26413 10570
11360 3284
221 9860
15090 23547
6660 26848
23389 10966
17255 15514
13433 19356
17457 3516
888 3833
17180 28117
18686 21156
14332 8060
3531 21853
21083 24360
6234 21950
23704 7282
8375 15411
8024 6556
22049 8089
16649 26703
25423 17843
2974 4015
29986 28736
20748 11245
20313 3516
5980 18161
1525 17224
24132 25093
6 28929
28897 13755
10191 12825
15768 627
28572 22638
9311 6777
29417 13100
21397 7171
17056 21521
11599 13443
1283 7759
19366 1057
26532 6904
9667 23900
25961 12772
23398 26513
27665 21365
21697 8536
26782 6141
522 12813
1524 20781
5926 16266
5207 6258
10109 9414
24506 15695
16441 29511
16550 6937
13379 9961
6622 10236
22529 19270
11032 18604
4805 4221
27928 523
22453 4715
11710 22226
22060 6737
9616 19129
4446 23966
21236 9915
29426 13049
14459 24380
5017 28464
8841 9378
19293 2725
15984 1317
19568 17075
19001 24690
17555 1047
7078 26800
12379 491
6358 22960
21177 23675
5375 4759
4441 11941
6928 28820
6255 20259
9902 24305
14257 20823
8116 514
19593 7601
24809 24143
26023 5287
25974 6707
12970 12132
24919 6553
19682 6604
17727 5906
16333 766
17364 17591
9316 7514
10070 14164
13697 29323
23585 686
15193 15321
27204 5527
27750 29669
3804 4430
27027 11427
11916 27334
1843 23410
2498 12715
18441 17933
26729 26140
9518 172
23357 4025
9719 29663
2223 12195
23681 19604
15386 16189
14451 930
13129 17420
28164 11377
518 17485
1818 15440
26895 4718
20611 13885
12757 15844
27097 27969
15396 29125
5040 14576
10161 17078
23683 23737
20280 13201
5758 18433
27308 6856
15208 26609
10216 15893
6266 3854
3523 17038
13236 24000
29730 2329
23373 7200
27889 4028
3353 22693
5096 14300
19654 5088
12739 1512
3464 16465
17408 325
2705 29748
20817 1443
11351 14922
29910 14529
29162 5775
14512 20187
15852 14038
20376 14896
25093 17492
18279 12651
14244 19098
28424 17952
26955 15597
14080 6774
6467 8640
5437 10470
9209 18298
20956 2147
16989 18251
10831 436
12487 17889
15224 29806
5431 14628
5733 5827
12669 24199
3238 15150
1560 6777
2357 18231
23246 6230
610 13852
17901 14480
12722 23638
3543 27922
26152 26066
5589 18517
28793 10482
5431 22526
724 24130
16710 20569
23863 10791
23831 26510
4148 26753
11660 22092
29466 8385
6652 4153
22416 19026
12882 10148
21158 6793
1194 8091
25132 16119
1428 29633
27189 18352
18673 22703
8706 15290
9727 13347
4910 2342
29956 18466
5947 7841
3951 24421
18056 538
28623 2372
6196 3191
17428 21726
24680 3738
2936 15188
17797 8341
4785 27738
15204 11237
6250 24259
14516 11025
829 25625
2588 15831
17251 25584
18326 170
1970 17654
16807 12342
15878 19301
26831 11493
28011 27810
6746 592
16484 13435
16969 23360
7034 29987
136 28207
7787 24793
14288 4880
7452 18925
17328 24396
16238 17333
25387 22506
4224 15793
17392 23515
655 14066
3223 11717
19291 19097
8457 19270
26237 6454
20234 12405
29650 23506
6971 13275
27604 25166
2722 307
5975 23937
25835 27100
20460 9718
9414 27501
4947 20532
2480 28329
16488 10290
27194 19923
27397 18401
18872 26572
13756 4040
6053 23838
10925 27645
19514 25961
21839 22160
27973 29128
19544 20246
13424 11908
11126 744
9304 25687
66 9476
26397 3562
15777 22785
26670 29620
15429 4476
23393 1902
24963 14168
13746 23671
25916 24487
1506 29956
11824 2137
3381 7397
19288 29811
15604 16138
25002 664
17452 16194
26539 868
13718 12845
18742 26494
9114 28787
12099 18760
7653 18968
25490 7733
8192 2509
26425 29973
2076 24445
16497 18670
28009 22534
9973 26564
16528 6906
8878 10764
24943 8150
26367 19234
19954 9448
10708 2254
29997 7796
16685 11003
23204 19840
1215 7596
4110 15570
23752 29111
5708 3001
2523 20606
21212 11040
15467 19405
16413 15101
20586 29521
19795 28147
18701 8948
25209 15143
23165 17203
267 5828
23933 3952
5002 4743
25637 17344
2526 12713
24460 21374
21298 5817
20882 13009
28224 10207
4844 29300
4368 25818
5082 21445
26612 13631
8753 24983
7912 18463
20208 18457
24011 17598
26096 5597
27068 29079
12839 2383
7413 6394
21327 21552
12724 5930
27571 6020
830 26435
26510 18042
16753 16805
15254 860
16943 20338
302 848
1171 7671
13090 11845
26386 9771
26700 9346
17852 28207
23264 4651
23673 961
10892 5361
7729 27485
24318 24749
18604 11619
1047 5355
4166 14870
19628 8509
87 23978
19752 4781
19666 10682
23803 15465
19229 866
17120 12210
29270 14951
26295 12267
7123 20960
7277 25235
13540 1209
4834 12567
7163 27836
795 12883
7062 9753
20476 3579
15800 22586
16801 4971
1270 5540
19418 3384
3197 7542
23563 26562
20748 18058
24172 22725
12887 27838
2749 26224
20301 28909
16890 10328
14018 1933
3099 23955
28197 12826
3428 23279
1196 563
125 22451
26451 18585
18973 10898
19915 12276
19264 11861
28098 29803
25804 27727
18250 7215
7130 18130
2691 18332
28357 21546
71 16716
2614 7313
17442 4716
17076 26090
11891 24245
13124 21808
24203 4120
18550 8014
16769 10092
6840 15971
23634 29858
28984 10065
1828 792
14258 24875
12998 6075
16558 425
29932 25142
18019 9407
25077 10507
3379 9710
15917 14774
21338 25050
14146 510
18155 18448
17661 7479
11619 968
947 14242
27770 8797
29364 23263
29188 12592
11209 1121
23720 3921
26532 26181
3214 27490
25229 29461
19526 25044
12214 24718
5272 8620
8749 26027
3965 6256
1511 15349
16240 11331
18407 28634
17538 15267
4887 16731
19909 1926
15830 5169
15038 7047
22919 22097
21178 18683
28041 8632
24507 19130
12526 6264
15388 20213
22187 27858
29749 11801
12328 7917
1376 15454
29144 28577
17857 25512
11490 13928
18549 26295
8521 4818
12388 1738
16551 4697
19573 12960
28291 20811
415 13549
19524 14796
18324 10308
3232 9408
5932 9425
14293 16758
10409 12724
2500 6197
3419 14018
2506 10603
9995 16263
9929 22988
18232 13408
24354 26785
18837 6103
19777 17655
28493 27599
19768 8443
7788 8480
16379 28447
7687 20908
10756 16147
4704 1834
3489 4460
28517 12673
23761 24208
5739 26076
13327 26736
3714 26939
1822 13452
19968 618
5431 9299
9249 16275
5744 19118
8482 17863
17043 26762
4410 18389
14589 2999
27007 25033
16351 9403
29142 21838
15301 5785
26443 9558
3042 25539
2084 9631
22416 19102
28625 5728
10219 798
19336 2572
8552 13479
22071 18343
10238 25136
9008 14117
7505 8957
1079 7496
13940 24524
15789 4070
393 20974
14716 15663
19439 4307
1932 11235
1940 20851
2929 18942
7470 23982
10695 24417
11393 11790
26873 16585
21919 12297
27302 22539
14749 2610
6899 9161
27034 17997
13504 531
25091 5812
10996 15386
17522 15460
5682 19333
18979 16256
29704 13507
26577 26091
22936 18376
23397 13802
11581 11033
24888 11031
1514 27468
16620 24369
13844 2830
19089 23603
20107 25660
1871 28225
11627 8992
24023 11657
16828 21098
3877 15123
28944 29010
17626 9511
2040 29863
21916 3520
516 18756
26367 8069
26844 8460
5380 25873
29662 8301
14344 23178
18040 22025
23319 13229
2881 29668
21103 21411
2158 25405
23501 17910
16558 5608
7158 16521
2545 21804
28402 17652
17342 21876
20390 25107
2835 2350
4885 20862
2535 22913
18215 7578
24905 22779
2867 9919
4069 6209
23145 23833
29484 1848
18736 12279
12765 2988
29943 16678
22156 13207
29672 11845
7352 7861
25697 17015
9777 1258
6237 8822
27818 9607
11544 20086
25609 6980
19488 24356
18902 10734
27905 25044
11139 3915
14968 3757
7404 1847
22952 29919
28436 4736
26812 25929
10928 15906
7087 453
20228 4067
19288 23424
14092 18515
29050 22662
21707 12902
18427 24866
9437 4846
20961 12700
11174 13557
1064 20777
13255 15337
253 488
5293 5015
11051 2809
16098 20739
17181 27452
21171 12117
11601 26136
4245 14059
10240 8348
25724 6600
8980 27471
10700 8767
16759 11829
23321 14768
9251 6885
13315 8499
19797 17077
21026 161
11608 8739
4298 22234
19324 14652
26637 15789
7084 640
22199 528
3309 95
17285 9968
18317 7164
26053 19639
5203 5131
18609 4642
4003 562
12266 3418
27922 29133
10875 7692
9636 11278
11638 21422
21078 26222
18078 11169
24935 13943
27437 7003
24417 12558
23198 25674
12545 14609
14817 2557
2183 13900
17802 29769
11290 4577
10104 29091
10034 29427
21093 6731
28286 8486
27089 7100
6561 3564
16530 6510
24068 2088
22144 27551
28180 6891
26303 29784
3393 24868
1705 17546
24201 24084
25251 23951
27779 19410
28288 23463
2747 23556
17627 19039
1148 10249
26394 11099
12409 21152
11832 19780
22719 22670
27316 21376
27972 21323
3496 18697
4905 13848
5003 17874
5691 1652
2951 14673
23705 15287
13965 21333
16640 1789
25714 25931
7578 19742
20193 29262
27488 23556
17027 16686
29841 22707
5898 24175
25647 28324
8488 7282
0 1
0 2
0 3
2 4
2 5
3 6
3 7
3 8
9 4
9 10
10 11
10 12
10 13
10 14
10 15
10 16
10 17
10 18
10 19
20 21
20 22
20 23
24 25
24 26
24 27
24 28
24 29
24 30
24 31
25 32
25 33
26 34
26 35
26 36
26 37
26 38
26 39
26 40
26 41
28 42
28 43
44 45
45 46
45 47
45 48
45 49
45 50
51 52
52 53
52 54
55 56
57 58
57 59
57 60
57 61
57 62
57 63
57 64
57 65
66 67
67 68
67 69
67 70
67 71
67 72
67 73
67 74
67 75
67 76
77 78
77 79
80 81
80 82
80 83
80 41
80 84
80 85
86 87
87 88
87 89
87 90
91 92
92 93
69 94
69 95
69 96
73 97
74 98
76 99
76 100
76 101
102 103
102 104
103 105
104 106
104 59
104 107
104 108
104 109
110 111
111 112
111 113
111 114
111 115
111 116
111 117
111 118
111 119
111 120
111 121
111 122
111 123
111 124
125 126
125 95
125 127
95 128
95 129
95 130
95 131
95 132
95 133
95 134
95 135
95 136
95 137
95 138
95 139
95 140
95 141
95 142
95 143
95 144
95 145
95 146
95 147
95 148
95 149
95 150
95 151
95 152
95 153
95 154
95 155
95 156
95 157
95 158
95 159
95 160
95 161
95 162
95 163
164 165
164 166
165 167
166 168
169 170
169 171
169 172
173 174
174 175
174 176
174 177
174 178
174 179
174 180
174 181
174 182
174 183
174 145
174 184
174 185
174 186
174 187
174 188
189 190
190 191
190 192
193 194
195 113
113 196
113 197
113 198
113 199
113 200
113 201
113 202
113 203
113 204
113 205
113 206
113 207
113 208
113 209
113 210
113 211
113 212
113 213
113 214
113 215
113 216
113 217
113 218
219 220
221 145
145 222
145 223
145 224
145 225
145 226
145 227
145 228
145 229
145 230
145 231
145 232
145 233
145 234
145 235
145 236
145 172
145 237
145 238
145 239
145 240
145 241
145 22
145 242
145 243
145 244
145 245
145 246
145 247
145 248
145 249
145 250
145 251
145 252
145 253
145 254
145 255
145 256
145 257
145 258
145 259
145 260
145 261
145 262
145 263
145 264
145 265
145 266
145 267
145 268
145 269
270 271
270 272
271 273
272 274
272 275
276 277
277 278
277 279
277 280
277 281
277 282
277 283
277 284
277 285
277 286
277 287
277 288
277 289
277 290
277 291
277 292
277 293
277 294
295 296
296 297
298 299
298 300
299 301
299 302
300 303
300 304
268 305
268 306
268 307
268 308
268 309
268 310
268 274
268 311
268 312
268 313
268 314
268 315
268 316
268 317
268 318
319 320
319 321
319 322
319 323
319 324
319 325
320 326
320 327
322 328
322 239
323 329
323 330
323 331
323 332
323 333
323 334
325 335
98 336
98 337
98 338
98 339
336 340
336 341
336 342
337 343
344 345
344 346
347 348
349 332
332 350
332 351
332 352
332 353
332 354
99 355
99 356
99 357
357 358
359 360
360 361
360 362
360 363
360 364
360 365
360 366
360 348
367 368
368 369
368 370
371 372
372 373
372 374
372 375
372 376
372 377
372 378
372 379
372 380
372 381
372 382
372 383
372 384
372 385
372 386
372 387
372 96
372 388
372 389
390 391
390 392
390 393
390 394
390 395
392 396
393 397
393 398
393 399
393 400
393 401
394 402
403 404
403 405
403 406
407 218
218 348
218 408
218 409
218 410
218 411
218 412
218 413
218 414
218 415
373 416
416 417
418 419
418 420
419 421
420 422
420 423
420 424
420 425
420 426
420 427
420 428
374 429
97 430
431 432
431 433
432 434
435 172
172 436
172 437
172 41
172 438
172 439
172 440
172 441
172 442
172 443
444 445
445 147
445 446
447 380
448 146
449 450
450 451
450 452
305 453
305 454
305 455
453 456
453 457
453 458
453 459
453 460
453 461
453 462
453 463
453 464
453 465
466 467
467 468
467 469
470 471
471 472
473 474
474 475
474 476
477 478
478 479
478 480
94 481
94 482
94 483
94 484
94 485
96 486
96 487
96 488
96 489
96 490
96 19
96 491
96 492
96 493
494 487
487 220
487 495
487 496
175 497
175 469
175 498
175 499
175 500
469 501
469 502
469 503
469 504
469 505
469 506
469 507
499 508
500 509
297 510
404 511
404 512
511 513
511 514
515 301
516 12
168 517
168 348
168 518
517 519
517 520
348 521
348 522
348 523
348 524
348 525
348 526
348 527
348 528
529 217
220 530
531 532
533 534
534 535
534 536
534 537
534 538
534 539
422 540
422 541
422 542
422 543
422 544
422 545
422 546
422 547
422 548
422 549
550 496
496 551
496 552
496 553
554 555
554 556
556 557
556 182
556 558
556 559
556 560
556 346
556 561
11 562
11 563
11 564
558 565
558 566
537 567
537 568
537 569
537 570
537 571
537 572
537 401
537 423
537 573
537 574
537 575
279 576
427 577
427 532
578 154
154 579
580 581
581 582
581 12
581 452
583 584
583 585
584 586
584 587
584 588
584 589
590 575
575 591
575 592
575 593
594 595
595 88
595 596
595 597
595 598
599 56
56 600
56 601
56 303
405 22
405 602
405 603
405 604
405 605
488 606
280 607
280 608
280 609
280 610
280 611
280 612
280 613
280 614
280 615
609 616
614 617
614 399
618 619
618 362
619 620
362 621
362 622
362 623
624 215
215 625
215 626
215 627
215 628
215 182
215 629
215 630
215 631
215 632
215 633
215 634
215 635
636 423
423 637
423 638
423 639
423 640
423 641
423 642
423 643
423 644
423 645
423 646
423 647
423 480
423 648
423 649
423 650
423 651
423 652
653 654
653 655
655 656
655 657
655 192
655 658
655 659
660 661
660 41
41 662
41 663
41 664
41 665
41 666
41 667
41 668
41 669
41 670
41 671
41 672
41 673
674 675
675 676
677 678
678 679
678 259
678 680
625 681
625 682
625 683
684 685
684 686
684 481
686 687
688 484
484 689
484 690
484 691
692 693
693 694
197 695
695 696
697 698
698 699
700 701
700 702
702 370
703 704
704 694
704 152
88 705
88 706
88 707
705 708
706 638
706 709
706 710
706 711
712 713
712 714
713 715
713 716
717 587
587 544
587 718
265 719
265 720
265 721
265 722
265 723
265 724
265 725
265 726
727 728
727 729
729 60
457 730
457 731
731 732
201 510
207 733
208 734
208 735
211 736
211 737
216 738
739 740
739 385
34 741
742 743
743 744
745 116
116 746
747 442
442 748
442 749
442 750
751 752
752 753
754 245
755 756
755 757
755 758
755 759
755 760
755 761
755 762
760 763
762 764
762 18
762 765
762 766
767 284
284 768
769 770
769 771
770 772
770 773
770 774
770 775
771 776
777 778
777 679
777 779
378 780
781 782
782 783
782 784
782 785
782 786
787 788
787 465
788 789
788 790
788 791
788 792
788 793
788 794
788 795
796 797
47 472
47 798
47 799
47 800
48 801
48 802
48 803
48 804
48 805
49 806
49 807
49 808
49 809
49 247
810 182
182 811
182 812
182 813
182 814
182 815
182 816
182 817
182 818
819 260
137 820
137 821
822 823
823 824
282 825
282 826
283 827
288 828
290 829
290 830
290 831
290 832
290 786
290 833
290 834
290 835
290 346
290 836
291 837
291 838
293 839
472 840
559 841
559 842
346 60
346 843
346 844
346 845
346 846
847 544
848 597
597 849
228 850
228 851
228 852
228 853
228 854
228 855
854 856
857 858
858 859
858 860
861 862
862 194
862 863
864 33
865 380
866 867
867 541
867 868
867 869
867 870
867 871
775 872
775 147
775 873
775 874
875 505
505 876
505 877
878 879
879 880
879 824
879 881
882 883
883 884
744 856
856 885
163 886
163 887
888 439
439 889
439 890
439 891
147 699
446 892
638 893
638 894
638 895
638 896
893 897
895 898
895 476
895 899
900 311
786 901
22 902
22 903
22 904
22 905
22 906
22 907
908 93
93 601
93 909
503 753
910 493
493 911
912 913
913 801
914 915
915 916
915 723
915 917
915 918
919 920
920 536
328 921
922 341
923 924
923 925
923 926
885 927
927 928
929 311
929 930
311 931
311 932
311 933
311 934
311 935
311 936
930 937
938 192
192 939
192 524
192 940
192 941
192 942
940 943
461 944
939 945
946 588
588 947
588 824
596 948
596 949
596 950
950 951
950 952
950 953
592 954
955 524
656 956
956 957
958 959
959 329
960 304
304 961
304 962
304 963
304 964
901 965
966 967
966 968
967 969
970 942
942 971
942 972
942 973
942 974
975 836
976 63
977 978
978 263
979 59
59 980
59 981
59 982
983 23
984 985
985 19
986 151
132 987
988 989
988 849
989 990
849 991
849 992
849 993
676 994
676 995
676 863
676 274
863 996
863 997
863 998
274 999
274 1000
801 1001
801 1002
801 1003
1004 180
1004 1005
1004 1006
1007 891
180 1008
541 1009
541 1010
541 1011
924 1012
924 185
626 1013
1014 808
808 1015
1016 480
480 1017
480 1018
480 1019
1020 1021
1020 153
153 1022
1023 1024
1023 569
569 1025
569 1026
1027 1028
1028 428
1029 764
750 1030
750 1031
426 1032
1033 753
753 884
1034 884
884 1035
884 1036
884 1037
1038 184
1039 998
998 1040
1041 1042
1041 802
1041 1043
802 1044
134 1045
1045 1046
1045 1047
996 1048
1049 1050
1050 60
1050 1051
1050 1052
1050 1053
399 1054
399 1055
999 1056
999 1057
999 1058
999 1059
1058 1060
1058 1061
897 1062
897 1063
1063 1064
1065 1066
330 1067
334 1068
1068 1069
1068 797
797 54
1070 60
60 1071
1061 1072
1061 1073
179 1074
1075 627
907 1076
907 1077
907 1078
907 1079
536 1080
536 1081
538 1082
538 1083
539 1084
1085 303
303 1086
1087 860
860 1088
860 1089
860 1090
860 1091
310 1092
310 1093
1072 1094
1095 1096
1096 1097
1096 1098
1096 1099
1100 1101
1101 387
699 1102
699 1103
699 1104
699 1105
1105 1106
1107 1108
1108 1109
1108 1110
370 906
370 1111
370 1112
906 1113
525 1114
1115 491
1116 911
911 1117
1118 18
15 1119
1120 247
408 1121
1122 1123
1122 1124
1124 64
824 1088
881 1125
139 1126
1126 1127
1126 1128
1129 441
549 1130
549 1131
1132 687
1133 763
82 1110
1110 1134
1135 476
1136 792
1136 1137
1138 574
491 1139
491 1140
491 1141
491 1142
491 1143
1144 735
1145 716
716 544
716 1146
1147 259
259 1148
259 1098
259 1149
1150 749
1084 1151
239 1152
239 1153
239 434
239 1154
239 1155
1153 1156
1157 646
1157 1158
1159 723
1160 951
951 1161
951 1162
1026 1163
1026 1164
631 1165
631 1166
631 1167
1168 386
1168 1169
1169 1170
430 1171
571 1172
1044 1173
898 1174
724 1175
724 1176
1109 1177
1109 1178
1177 1179
1177 1180
1178 1181
1182 1113
1066 1183
1183 1184
342 1184
1185 1186
1186 383
1187 547
547 1188
859 1189
544 1190
544 1191
19 1192
19 1193
1194 401
401 1195
401 1196
933 1197
935 1198
144 1199
1200 1201
1200 1202
1203 1202
1202 1181
78 1204
78 648
250 1205
266 1206
266 1207
266 1208
266 1209
803 1210
1211 383
1212 909
1212 1213
601 353
1054 1214
710 1215
1214 1216
1217 680
1218 795
795 1219
795 1220
1035 1221
64 1222
1223 1224
1223 353
353 1225
353 1226
353 1227
353 969
1228 1037
1215 1229
798 1230
798 1231
37 1232
1233 160
1234 1078
1235 1236
1235 726
1207 1237
1238 1195
1098 1239
973 1240
807 1241
415 1242
1243 605
1244 79
845 1245
84 1246
1247 962
962 1248
1083 1249
1250 187
